1601224399396 0.6934 1
1601224401778 0.7175 2
1601224404209 0.7295 3
1601224406558 0.7287 4
1601224408982 0.7316 5
1601224411390 0.7332000000000001 6
1601224413790 0.7351 7
1601224416065 0.7363999999999999 8
1601224418389 0.7363 9
1601224420734 0.7363999999999999 10
1601224423075 0.7369 11
1601224425430 0.7367 12
1601224427715 0.7382 13
1601224430100 0.7413000000000001 14
1601224432450 0.7368 15
1601224434857 0.7391 16
1601224437198 0.7359 17
1601224439584 0.7394000000000001 18
1601224441903 0.7395 19
1601224444250 0.7388 20
1601224446646 0.7398 21
1601224448977 0.7398 22
1601224451379 0.7388 23
1601224453708 0.7416 24
1601224456147 0.7381 25
1601224458478 0.7383 26
1601224460865 0.7363999999999999 27
1601224463253 0.7378 28
1601224465663 0.7405999999999999 29
1601224467989 0.7405999999999999 30
