1601224399398 0.5661382436840753 1
1601224401780 0.610759968197744 2
1601224404211 0.6315545624114969 3
1601224406561 0.6352944294913234 4
1601224408984 0.636650873892245 5
1601224411393 0.6444639414642035 6
1601224413792 0.6447199732416058 7
1601224416068 0.6471803750698958 8
1601224418392 0.6466432733202402 9
1601224420737 0.6491854285436102 10
1601224423077 0.6520300257721535 11
1601224425433 0.6467086026973058 12
1601224427717 0.6504438016821293 13
1601224430103 0.6544089720349208 14
1601224432452 0.6464602035508749 15
1601224434859 0.6504789772931395 16
1601224437200 0.6489666065388284 17
1601224439586 0.6521916064068302 18
1601224441905 0.6520543181340441 19
1601224444253 0.6524508798086958 20
1601224446648 0.6540987427195766 21
1601224448980 0.6515079025646023 22
1601224451382 0.6511683514607566 23
1601224453710 0.6524751793838378 24
1601224456149 0.6504534408401126 25
1601224458480 0.6523892398906741 26
1601224460867 0.6486866639385532 27
1601224463256 0.6498396419800746 28
1601224465666 0.6573105603775957 29
1601224467992 0.6548639874586326 30
