1601224297035 385652249004236.8 0
1601224298633 1081453729.6 1
1601224300222 44975445.4 2
1601224301815 18239202.3 3
1601224303349 95841690.8 4
1601224304926 428956177.6 5
1601224306498 1290160812.8 6
1601224308043 1708402201.6 7
1601224309580 1568139251.2 8
1601224311116 1277247488.0 9
1601224312652 992355910.4 10
1601224314225 744130316.8 11
1601224315765 544365372.8 12
1601224317391 419986089.6 13
1601224318988 340384918.4 14
1601224320573 289984816.0 15
1601224322147 257189132.8 16
1601224323724 219471156.8 17
1601224325314 202889265.6 18
1601224326923 182828121.6 19
1601224328505 176133796.8 20
1601224330093 166610363.2 21
1601224331675 158232360.8 22
1601224333243 141343272.8 23
1601224334829 139516762.4 24
1601224336405 138683156.8 25
1601224337971 120917226.4 26
1601224339536 116435984.8 27
1601224341085 123414338.4 28
1601224342614 112376727.2 29
