1601224297040 5303734129131520.0 0
1601224298638 60719968865484.8 1
1601224300227 36838268993536.0 2
1601224301820 11894864058777.6 3
1601224303354 3033497508249.6 4
1601224304931 1020411340390.4 5
1601224306503 455938270822.4 6
1601224308048 307368468480.0 7
1601224309585 255785307340.8 8
1601224311121 228201739059.2 9
1601224312657 216762867712.0 10
1601224314230 205712690380.8 11
1601224315773 199375975219.2 12
1601224317396 193634276147.2 13
1601224318993 190092147097.6 14
1601224320577 185548110233.6 15
1601224322152 183793031577.6 16
1601224323729 178094299545.6 17
1601224325318 175529086156.8 18
1601224326928 174219090329.6 19
1601224328509 173140929740.8 20
1601224330100 171657909043.2 21
1601224331680 169910227763.2 22
1601224333248 167743517491.2 23
1601224334833 167949274316.8 24
1601224336410 166832268902.4 25
1601224337975 164250720665.6 26
1601224339540 163479560192.0 27
1601224341089 163757355827.2 28
1601224342618 162586809139.2 29
