1601224297038 13236341273.6 0
1601224298635 566730707.2 1
1601224300225 439903273.6 2
1601224301818 185555592.0 3
1601224303352 81303337.6 4
1601224304929 56431148.8 5
1601224306501 48856387.2 6
1601224308046 46508898.8 7
1601224309583 45680134.4 8
1601224311119 45178874.0 9
1601224312655 44942353.2 10
1601224314228 44716053.6 11
1601224315770 44555110.8 12
1601224317394 44450464.8 13
1601224318990 44313784.8 14
1601224320575 44147740.8 15
1601224322150 44085950.4 16
1601224323727 43891657.2 17
1601224325316 43748751.6 18
1601224326925 43701158.4 19
1601224328507 43578178.4 20
1601224330097 43459438.4 21
1601224331678 43304568.4 22
1601224333245 43194370.8 23
1601224334831 43130270.4 24
1601224336407 43002201.6 25
1601224337973 42878832.0 26
1601224339538 42760315.2 27
1601224341087 42697117.6 28
1601224342616 42577500.4 29
