1601224297042 5689399505321984.0 0
1601224298640 60721617226956.8 1
1601224300229 36838753645363.2 2
1601224301822 11895067849523.2 3
1601224303357 3033674665164.8 4
1601224304933 1020896719667.2 5
1601224306505 457277285990.4 6
1601224308050 309123380019.2 7
1601224309587 257399126425.6 8
1601224311124 229524165427.2 9
1601224312659 217800163328.0 10
1601224314232 206501537382.4 11
1601224315775 199964893184.0 12
1601224317398 194098713395.2 13
1601224318995 190476846694.4 14
1601224320579 185882242252.8 15
1601224322154 184094305484.8 16
1601224323731 178357662515.2 17
1601224325321 175775724339.2 18
1601224326930 174445618790.4 19
1601224328512 173360639180.8 20
1601224330104 171867978137.6 21
1601224331682 170111765708.8 22
1601224333250 167928053760.0 23
1601224334835 168131921510.4 24
1601224336412 167013954355.2 25
1601224337978 164414518067.2 26
1601224339542 163638753689.6 27
1601224341091 163923466649.6 28
1601224342620 162741762457.6 29
