1601224397903 0.0009878924638032913 1
1601224400383 0.00035259873867034915 2
1601224402757 0.00027127125710248943 3
1601224405162 0.00023713754415512087 4
1601224407530 0.00021919244080781942 5
1601224409965 0.00020634910464286806 6
1601224412346 0.00019900260865688327 7
1601224414722 0.00019259272068738938 8
1601224417014 0.00018648528307676316 9
1601224419396 0.00018347957283258438 10
1601224421697 0.00017960865199565887 11
1601224424070 0.0001780758187174797 12
1601224426364 0.0001753780737519264 13
1601224428658 0.0001733128309249878 14
1601224431037 0.00017263830602169038 15
1601224433416 0.00017051128894090653 16
1601224435815 0.00016954916864633557 17
1601224438135 0.00016798172146081924 18
1601224440535 0.00016777191311120987 19
1601224442852 0.0001665976047515869 20
1601224445257 0.00016570872366428378 21
1601224447611 0.00016580308973789215 22
1601224449998 0.00016435249298810958 23
1601224452317 0.0001633770868182182 24
1601224454691 0.00016364134699106215 25
1601224457093 0.00016375250220298766 26
1601224459422 0.00016222653537988662 27
1601224461873 0.00016176281869411467 28
1601224464194 0.00016185167729854588 29
1601224466620 0.00016054672896862032 30
