1601224399400 0.6473720180428272 1
1601224401783 0.6967198744225991 2
1601224404214 0.7170375381163584 3
1601224406563 0.7256555248836631 4
1601224408986 0.7266691313803022 5
1601224411395 0.7368486484753598 6
1601224413794 0.7362652638399841 7
1601224416070 0.7368142499311054 8
1601224418394 0.7390967923388838 9
1601224420739 0.740087689541061 10
1601224423080 0.7433870296848382 11
1601224425435 0.7395127238729494 12
1601224427719 0.7408735674007033 13
1601224430105 0.7446370136315824 14
1601224432455 0.73792727066401 15
1601224434861 0.7415270747688598 16
1601224437203 0.739667038104492 17
1601224439589 0.7437776138035762 18
1601224441907 0.7421630598316441 19
1601224444255 0.7434948616027365 20
1601224446650 0.7432614255039882 21
1601224448982 0.7416555297942027 22
1601224451384 0.7404232448842402 23
1601224453713 0.7428596485900208 24
1601224456151 0.7415433326696148 25
1601224458482 0.7431102389356915 26
1601224460869 0.7417546420845966 27
1601224463258 0.7391892843803897 28
1601224465668 0.74845005720736 29
1601224467994 0.7455320367340212 30
