1601223295359 0.6405000000000001 1
1601223297808 0.6594 2
1601223300145 0.6664 3
1601223302602 0.6685 4
1601223304948 0.6709 5
1601223307395 0.6705 6
1601223309767 0.6748000000000001 7
1601223312213 0.6737 8
1601223314592 0.6737 9
1601223316971 0.6786 10
1601223319420 0.6749 11
1601223321777 0.6754 12
1601223324169 0.6757 13
1601223326513 0.6734 14
1601223328955 0.6787000000000001 15
1601223331277 0.6785 16
1601223333688 0.6751 17
1601223336026 0.6728000000000001 18
1601223338424 0.6759 19
1601223340788 0.6783 20
1601223343113 0.6774 21
1601223345491 0.6763 22
1601223347848 0.6768000000000001 23
1601223350286 0.6742 24
1601223352713 0.6769000000000001 25
1601223355121 0.6749 26
1601223357447 0.6784 27
1601223359845 0.6798 28
1601223362221 0.6779 29
1601223364638 0.6774 30
