1601223295362 0.4944717087827261 1
1601223297810 0.5275157199177835 2
1601223300148 0.5386757318764177 3
1601223302604 0.5425078336753 4
1601223304950 0.5497500906790728 5
1601223307397 0.5463120111934366 6
1601223309769 0.5543973995545923 7
1601223312215 0.5501116744771664 8
1601223314595 0.5505889484622416 9
1601223316973 0.5566955643237552 10
1601223319423 0.5528249196838809 11
1601223321780 0.5543055162951124 12
1601223324172 0.5531318096766678 13
1601223326516 0.5536980351628152 14
1601223328958 0.5564258423917721 15
1601223331279 0.5562525598379512 16
1601223333690 0.5548037227084083 17
1601223336028 0.5533104390381776 18
1601223338427 0.5572318787404783 19
1601223340791 0.5584004904041879 20
1601223343115 0.5574330752866871 21
1601223345494 0.5556061772675338 22
1601223347850 0.5548089324996252 23
1601223350288 0.5523947397521822 24
1601223352716 0.5572606301133978 25
1601223355124 0.557387403398328 26
1601223357449 0.5562815422316998 27
1601223359848 0.5582932847386872 28
1601223362224 0.5586826704200888 29
1601223364640 0.556216308899593 30
