1601223293940 0.0007985907912254331 1
1601223296337 0.0003678538978099823 2
1601223298764 0.00029558768272399907 3
1601223301164 0.0002593193665146828 4
1601223303568 0.0002403489425778389 5
1601223305927 0.0002264908760786056 6
1601223308383 0.00021686627268791204 7
1601223310752 0.00021277675926685335 8
1601223313185 0.00020632782429456708 9
1601223315593 0.00020342276990413668 10
1601223318027 0.00020064260959625244 11
1601223320391 0.0001970985636115074 12
1601223322744 0.00019484312683343887 13
1601223325127 0.00019325852394104002 14
1601223327475 0.000190116448700428 15
1601223329930 0.00019098409712314606 16
1601223332249 0.0001873920798301697 17
1601223334650 0.00018650421053171157 18
1601223336995 0.00018644814640283585 19
1601223339410 0.00018521763384342192 20
1601223341733 0.00018395553082227705 21
1601223344123 0.00018311575204133987 22
1601223346460 0.00018204546719789505 23
1601223348875 0.0001817060649394989 24
1601223351328 0.00018121051639318468 25
1601223353678 0.00018006420135498045 26
1601223356082 0.0001803545281291008 27
1601223358416 0.00017950021922588346 28
1601223360837 0.00017917836010456083 29
1601223363184 0.00017848642170429228 30
