1601223192419 19409357580.8 0
1601223193986 576259740.8 1
1601223195578 508157075.2 2
1601223197186 204956352.0 3
1601223198737 89637382.4 4
1601223200303 69226993.2 5
1601223201850 62366029.2 6
1601223203367 60100290.4 7
1601223204939 59231750.8 8
1601223206463 58835729.2 9
1601223208090 58708498.4 10
1601223209657 58425908.4 11
1601223211224 58199561.2 12
1601223212790 58092287.6 13
1601223214369 57909315.2 14
1601223215918 57742956.0 15
1601223217501 57587505.6 16
1601223219080 57461229.6 17
1601223220645 57310735.2 18
1601223222182 57117062.0 19
1601223223723 56959169.6 20
1601223225277 56804545.2 21
1601223226837 56680180.8 22
1601223228386 56492498.8 23
1601223229967 56265128.4 24
1601223231511 56151722.8 25
1601223233132 55911558.0 26
1601223234672 55811014.0 27
1601223236201 55611486.4 28
1601223237732 55427670.0 29
