1601223192421 7871260073236890.0 0
1601223193988 58760271757312.0 1
1601223195580 42356505260851.2 2
1601223197189 12581309146726.4 3
1601223198739 2632412443443.2 4
1601223200306 975137446297.6 5
1601223201852 465556442316.8 6
1601223203369 316316653977.6 7
1601223204941 276447803801.6 8
1601223206466 261871021260.8 9
1601223208094 261972731494.4 10
1601223209659 257626493747.2 11
1601223211226 251301617664.0 12
1601223212792 249560470323.2 13
1601223214371 246584170905.6 14
1601223215921 243742433280.0 15
1601223217504 244475422310.4 16
1601223219082 244881139302.4 17
1601223220647 240011232870.4 18
1601223222184 239740593766.4 19
1601223223725 238133947596.8 20
1601223225279 236196605132.8 21
1601223226839 237654573056.0 22
1601223228389 239032387174.4 23
1601223229969 231780040704.0 24
1601223231515 234409944678.4 25
1601223233134 233093509939.2 26
1601223234674 229543351091.2 27
1601223236204 229290236313.6 28
1601223237735 226414721433.6 29
