1601223192416 575622635017830.4 0
1601223193983 1339393664.0 1
1601223195576 85623081.6 2
1601223197184 92083177.6 3
1601223198735 526208132.0 4
1601223200301 1759989817.6 5
1601223201847 2897589760.0 6
1601223203365 2916389376.0 7
1601223204936 2386970214.4 8
1601223206461 1842495846.4 9
1601223208085 1400148467.2 10
1601223209654 1075129932.8 11
1601223211221 866609651.2 12
1601223212787 716486828.8 13
1601223214367 602296844.8 14
1601223215916 515575500.8 15
1601223217496 469694323.2 16
1601223219078 433261526.4 17
1601223220643 360380624.0 18
1601223222180 346882012.8 19
1601223223720 317957153.6 20
1601223225274 290467185.6 21
1601223226834 284032836.8 22
1601223228384 290409944.0 23
1601223229965 232551078.4 24
1601223231507 241562188.8 25
1601223233129 232234724.8 26
1601223234670 202267750.4 27
1601223236198 204834643.2 28
1601223237730 184762550.4 29
