1601223192423 8446902009856000.0 0
1601223193990 58762187715379.2 1
1601223195583 42357098754867.2 2
1601223197191 12581605946163.2 3
1601223198741 2633028285235.2 4
1601223200308 976966667468.8 5
1601223201854 468516392140.8 6
1601223203371 319293148364.8 7
1601223204943 278894003814.4 8
1601223206468 263772350054.4 9
1601223208097 263431589068.8 10
1601223209661 258760050278.4 11
1601223211228 252226428928.0 12
1601223212794 250335050137.6 13
1601223214374 247244377292.8 14
1601223215923 244315752038.4 15
1601223217507 245002705305.6 16
1601223219085 245371861401.6 17
1601223220649 240428928204.8 18
1601223222186 240144593715.2 19
1601223223727 238508864307.2 20
1601223225281 236543878758.4 21
1601223226841 237995284889.6 22
1601223228391 239379290521.6 23
1601223229971 232068856217.6 24
1601223231518 234707659980.8 25
1601223233136 233381656985.6 26
1601223234677 229801430220.8 27
1601223236206 229550682931.2 28
1601223237737 226654914150.4 29
