1601223295364 0.5800104610061977 1
1601223297812 0.6199837787832083 2
1601223300150 0.6351938288757066 3
1601223302606 0.6462980547615923 4
1601223304953 0.6513612369926318 5
1601223307399 0.6475741135565475 6
1601223309771 0.6577871697302307 7
1601223312218 0.6543036881875403 8
1601223314597 0.6501058991543501 9
1601223316975 0.6571139591253021 10
1601223319425 0.6559095658646982 11
1601223321782 0.6576611191032328 12
1601223324174 0.6580853774427288 13
1601223326518 0.6564320007511847 14
1601223328960 0.6567263945923139 15
1601223331282 0.657393658400238 16
1601223333693 0.6571870561371735 17
1601223336030 0.6562189364888237 18
1601223338429 0.6620731433596031 19
1601223340793 0.6599568002398962 20
1601223343117 0.6607731012608127 21
1601223345496 0.6603987165627598 22
1601223347852 0.6623938961911588 23
1601223350290 0.6561268819151211 24
1601223352718 0.6606751460524273 25
1601223355126 0.6616438055972236 26
1601223357451 0.6603314616190417 27
1601223359850 0.6648146122019033 28
1601223362226 0.6603588364945215 29
1601223364643 0.6585201194502499 30
