1601224954422 0.6328 1
1601224956820 0.65 2
1601224959145 0.6567000000000001 3
1601224961486 0.661 4
1601224963765 0.6635 5
1601224966123 0.6644 6
1601224968427 0.6647000000000001 7
1601224970815 0.6668000000000001 8
1601224973214 0.6617 9
1601224975479 0.6674 10
1601224977835 0.6657 11
1601224980108 0.6663 12
1601224982454 0.6667000000000001 13
1601224984725 0.6672 14
1601224987142 0.6665 15
1601224989482 0.6692 16
1601224991870 0.6659999999999999 17
1601224994195 0.6652 18
1601224996594 0.6688000000000001 19
1601224998936 0.6668000000000001 20
1601225001226 0.6658999999999999 21
1601225003605 0.6667000000000001 22
1601225005909 0.6676 23
1601225008330 0.6678999999999999 24
1601225010660 0.667 25
1601225013094 0.6663 26
1601225015436 0.669 27
1601225017783 0.6714 28
1601225020060 0.6705 29
1601225022408 0.6668000000000001 30
