1601224954424 0.5153924842811861 1
1601224956822 0.5499748951395607 2
1601224959148 0.5625644034947241 3
1601224961489 0.5691816680455312 4
1601224963768 0.5731335546719831 5
1601224966126 0.5746002436410752 6
1601224968430 0.5778678414238747 7
1601224970817 0.5777397940977221 8
1601224973216 0.5723858327188683 9
1601224975481 0.5759358177827666 10
1601224977837 0.5745391395853975 11
1601224980110 0.5764827153325617 12
1601224982456 0.5789415672500973 13
1601224984728 0.5795971838715165 14
1601224987144 0.5760063954403347 15
1601224989485 0.5790457145037301 16
1601224991873 0.57679167992541 17
1601224994198 0.5748696674877897 18
1601224996596 0.5774755869332914 19
1601224998939 0.5803919522518443 20
1601225001228 0.5773588432979416 21
1601225003608 0.5794747913162978 22
1601225005911 0.5840274666976986 23
1601225008333 0.5838184030646925 24
1601225010662 0.5778891534890463 25
1601225013096 0.5795093124403835 26
1601225015438 0.580357247873489 27
1601225017785 0.5810822971684053 28
1601225020063 0.5829119794592844 29
1601225022410 0.578392459360309 30
