1601224848802 7059557142495232.0 0
1601224850369 57343456418201.6 1
1601224851924 34471156488601.6 2
1601224853487 13703987435929.6 3
1601224855060 3748286929305.6 4
1601224856705 1086973647257.6 5
1601224858253 446237189734.4 6
1601224859827 279956163788.8 7
1601224861364 225749134540.8 8
1601224862930 201549319372.8 9
1601224864486 188591264563.2 10
1601224866037 177589402009.6 11
1601224867618 173487531622.4 12
1601224869196 168195260416.0 13
1601224870759 163444985036.8 14
1601224872311 161414206259.2 15
1601224873845 160224152780.8 16
1601224875384 156220081766.4 17
1601224876913 155826837913.6 18
1601224878466 154465237401.6 19
1601224880048 154470227968.0 20
1601224881633 152439570432.0 21
1601224883198 149400218828.8 22
1601224884824 148065370931.2 23
1601224886368 148201612083.2 24
1601224887914 147951932211.2 25
1601224889517 147679367987.2 26
1601224891094 145802014720.0 27
1601224892654 145193734144.0 28
1601224894206 145564747366.4 29
