1601224848797 508047616629401.6 0
1601224850364 416561672.8 1
1601224851916 7288332.85 2
1601224853482 4495926.4125 3
1601224855055 38087801.75 4
1601224856700 279067697.6 5
1601224858249 921024480.0 6
1601224859823 1200343872.0 7
1601224861359 1063430438.4 8
1601224862926 814743692.8 9
1601224864481 601375059.2 10
1601224866028 452266112.0 11
1601224867613 381771491.2 12
1601224869192 320516454.4 13
1601224870754 267412001.6 14
1601224872307 236517686.4 15
1601224873841 219429028.8 16
1601224875379 179306545.6 17
1601224876908 184043454.4 18
1601224878461 171952137.6 19
1601224880043 165882620.8 20
1601224881629 150155880.0 21
1601224883193 135381847.2 22
1601224884819 126067847.2 23
1601224886364 122197409.6 24
1601224887909 120784814.4 25
1601224889508 125914285.6 26
1601224891089 113682541.6 27
1601224892649 111483856.0 28
1601224894201 113061732.0 29
