1601224953044 0.0008736927539110184 1
1601224955443 0.0003704364418983459 2
1601224957787 0.0002989059031009674 3
1601224960049 0.00026597740948200227 4
1601224962376 0.00024702968150377275 5
1601224964703 0.00023300052881240844 6
1601224967078 0.00022448040843009947 7
1601224969384 0.0002179600015282631 8
1601224971852 0.0002128676384687424 9
1601224974096 0.000209402497112751 10
1601224976454 0.00020626326054334643 11
1601224978730 0.00020467761754989624 12
1601224981065 0.00020223469734191894 13
1601224983341 0.00020017063915729526 14
1601224985688 0.00019898498356342318 15
1601224988096 0.00019755795150995254 16
1601224990428 0.00019580306112766265 17
1601224992808 0.00019463704377412796 18
1601224995153 0.00019381462335586549 19
1601224997556 0.00019283400326967237 20
1601224999838 0.0001918093040585518 21
1601225002230 0.00019079301953315735 22
1601225004534 0.00019062850475311285 23
1601225006952 0.0001894173488020897 24
1601225009282 0.00018858176916837692 25
1601225011633 0.00018855452835559846 26
1601225014050 0.0001880303591489792 27
1601225016335 0.00018710144460201263 28
1601225018674 0.00018624219000339505 29
1601225020972 0.00018620406687259674 30
