1601224848804 7567622115688448.0 0
1601224850371 57344429077299.2 1
1601224851927 34471599616819.2 2
1601224853489 13704203862016.0 3
1601224855062 3748413020569.6 4
1601224856707 1087306629120.0 5
1601224858256 447203744153.6 6
1601224859829 281199724134.4 7
1601224861367 226854880870.4 8
1601224862933 202405992857.6 9
1601224864488 189234285772.8 10
1601224866040 178083073228.8 11
1601224867620 173910595993.6 12
1601224869199 168556899532.8 13
1601224870761 163753341747.2 14
1601224872314 161691587379.2 15
1601224873847 160484314316.8 16
1601224875386 156440030412.8 17
1601224876915 156051397017.6 18
1601224878468 154677621555.2 19
1601224880050 154676461568.0 20
1601224881636 152629954150.4 21
1601224883200 149575648870.4 22
1601224884826 148231380992.0 23
1601224886370 148363685888.0 24
1601224887916 148112554393.6 25
1601224889521 147844899635.2 26
1601224891096 145955196928.0 27
1601224892656 145344622592.0 28
1601224894208 145717148057.6 29
