1601224848800 17385672435.2 0
1601224850366 556412947.2 1
1601224851921 435567859.2 2
1601224853484 211613964.8 3
1601224855057 87925852.8 4
1601224856703 53913744.4 5
1601224858251 45537237.6 6
1601224859825 43220903.6 7
1601224861362 42317080.4 8
1601224862928 41931242.4 9
1601224864484 41644865.2 10
1601224866033 41404492.0 11
1601224867615 41291251.2 12
1601224869194 41124061.2 13
1601224870757 40947240.8 14
1601224872309 40863986.4 15
1601224873843 40733262.0 16
1601224875382 40640772.4 17
1601224876910 40513533.6 18
1601224878463 40431926.0 19
1601224880046 40349301.2 20
1601224881631 40226834.4 21
1601224883196 40048161.6 22
1601224884822 39945236.8 23
1601224886366 39879539.2 24
1601224887912 39838240.8 25
1601224889513 39615984.8 26
1601224891092 39500315.6 27
1601224892651 39402558.8 28
1601224894204 39339719.2 29
