1601224954427 0.602653629516297 1
1601224956824 0.6447554920894644 2
1601224959150 0.6591635470694901 3
1601224961491 0.6680899185898863 4
1601224963770 0.6736786335959565 5
1601224966128 0.6753099818986018 6
1601224968432 0.6795987126996457 7
1601224970819 0.6783510642693507 8
1601224973221 0.6748174764022189 9
1601224975484 0.6797327026205559 10
1601224977839 0.6756763772738973 11
1601224980112 0.6780401090940408 12
1601224982458 0.6796709583021145 13
1601224984730 0.6803082289315328 14
1601224987147 0.6756138374220233 15
1601224989487 0.6817746855162936 16
1601224991875 0.6766847248592415 17
1601224994200 0.6769894024608993 18
1601224996599 0.679616845121406 19
1601224998941 0.6831092042765472 20
1601225001231 0.6817186502306577 21
1601225003610 0.6823571787852921 22
1601225005914 0.6854462638625427 23
1601225008335 0.6840958354734678 24
1601225010665 0.6807027110250712 25
1601225013098 0.6795944417127033 26
1601225015440 0.680968534202009 27
1601225017788 0.6824659169366397 28
1601225020065 0.6840453258759617 29
1601225022413 0.6832953599235766 30
