1601225227328 6410565.0 1
1601225228890 317865568.0 2
1601225230504 19748366.0 3
1601225232048 42710720.0 4
1601225233585 126995472.0 5
1601225235120 113115672.0 6
1601225236718 56564140.0 7
1601225238255 15175638.0 8
1601225239805 1392052.75 9
1601225241410 5889087.0 10
1601225242958 16780564.0 11
1601225244498 25684254.0 12
1601225246108 29094402.0 13
1601225247647 27233458.0 14
1601225249191 22123630.0 15
1601225250810 15978628.0 16
1601225252360 10370012.0 17
1601225253906 6067001.5 18
1601225255452 3227115.75 19
1601225257067 1664050.75 20
1601225258622 1056187.125 21
1601225260167 1075213.875 22
1601225261776 1470598.75 23
1601225263312 2015220.125 24
1601225264851 2556982.5 25
1601225266447 3012006.0 26
1601225268026 3334606.0 27
1601225269587 3510179.0 28
1601225271117 3545880.25 29
1601225272717 3462392.0 30
