1601225227326 5517894.0 1
1601225228888 284030848.0 2
1601225230502 18568788.0 3
1601225232046 40297196.0 4
1601225233583 119332840.0 5
1601225235117 107825328.0 6
1601225236716 54575136.0 7
1601225238252 14284328.0 8
1601225239803 517939.21875 9
1601225241408 5033460.5 10
1601225242955 15927625.0 11
1601225244496 24826840.0 12
1601225246106 28232044.0 13
1601225247644 26366866.0 14
1601225249189 21252952.0 15
1601225250808 15103784.0 16
1601225252358 9491156.0 17
1601225253903 5184557.5 18
1601225255450 2341873.0 19
1601225257065 777596.25 20
1601225258619 173501.421875 21
1601225260165 203941.9375 22
1601225261774 593186.3125 23
1601225263310 1130387.875 24
1601225264849 1671119.125 25
1601225266445 2125932.75 26
1601225268024 2448346.75 27
1601225269585 2623690.5 28
1601225271115 2659150.25 29
1601225272715 2575436.0 30
