1601225227321 892670.875 1
1601225228883 33834608.0 2
1601225230497 1179566.0 3
1601225232041 2413515.0 4
1601225233578 7662596.5 5
1601225235113 5290301.5 6
1601225236711 1988980.75 7
1601225238247 891305.5 8
1601225239798 874112.125 9
1601225241403 855615.625 10
1601225242951 852911.8125 11
1601225244491 857370.6875 12
1601225246101 862304.375 13
1601225247640 866537.375 14
1601225249184 870625.8125 15
1601225250804 874800.0 16
1601225252353 878821.875 17
1601225253899 882420.0625 18
1601225255446 885227.0 19
1601225257060 886444.75 20
1601225258615 882679.5625 21
1601225260160 871267.3125 22
1601225261770 877407.625 23
1601225263305 884826.25 24
1601225264844 885855.5625 25
1601225266440 886063.25 26
1601225268019 886247.5 27
1601225269580 886475.375 28
1601225271110 886715.75 29
1601225272710 886941.25 30
