1601225227324 9.999995498333192e-09 1
1601225228886 100.00194549560547 2
1601225230500 11.893168449401855 3
1601225232044 8.459239959716797 4
1601225233581 37.98133087158203 5
1601225235115 40.077880859375 6
1601225236714 21.814701080322266 7
1601225238250 5.018466949462891 8
1601225239801 1.3590874671936035 9
1601225241405 10.850923538208008 10
1601225242953 27.08430290222168 11
1601225244494 42.69123458862305 12
1601225246103 52.691246032714844 13
1601225247642 55.373016357421875 14
1601225249187 51.58699035644531 15
1601225250806 43.515018463134766 16
1601225252356 33.59831237792969 17
1601225253901 23.873226165771484 18
1601225255448 15.697580337524414 19
1601225257063 9.7449951171875 20
1601225258617 6.138554573059082 21
1601225260162 4.63015079498291 22
1601225261772 4.767702102661133 23
1601225263308 6.0187811851501465 24
1601225264846 7.8701605796813965 25
1601225266442 9.889583587646484 26
1601225268022 11.749969482421875 27
1601225269583 13.23483657836914 28
1601225271113 14.229830741882324 29
1601225272713 14.705846786499023 30
