1601223662565 0.5978 1
1601223664933 0.6144000000000001 2
1601223667392 0.6263000000000001 3
1601223669775 0.6229 4
1601223672095 0.6207 5
1601223674509 0.6292 6
1601223676876 0.6259 7
1601223679263 0.629 8
1601223681571 0.6269 9
1601223683952 0.6244000000000001 10
1601223686278 0.6264000000000001 11
1601223688762 0.6287 12
1601223691095 0.6279 13
1601223693480 0.6312 14
1601223695803 0.6312 15
1601223698214 0.6288 16
1601223700622 0.6294 17
1601223703022 0.6261 18
1601223705382 0.628 19
1601223707698 0.629 20
1601223710105 0.6284000000000001 21
1601223712415 0.6305000000000001 22
1601223714825 0.629 23
1601223717171 0.6304000000000001 24
1601223719546 0.63 25
1601223721910 0.6285000000000001 26
1601223724247 0.6289 27
1601223726600 0.6278 28
1601223728920 0.6292 29
1601223731316 0.63 30
