1601223662568 0.5026091927547686 1
1601223664935 0.5409788568856319 2
1601223667395 0.5585847773826963 3
1601223669778 0.5594059221458373 4
1601223672097 0.5539991886837544 5
1601223674512 0.5640490773722949 6
1601223676879 0.5662774630339639 7
1601223679265 0.5648948291416326 8
1601223681573 0.5674966698440704 9
1601223683955 0.5635720087096123 10
1601223686280 0.5631429419088367 11
1601223688764 0.5695654469520813 12
1601223691097 0.5689159969179444 13
1601223693482 0.569615758457833 14
1601223695806 0.5735698859343841 15
1601223698217 0.5653307602962139 16
1601223700625 0.5677943278965519 17
1601223703024 0.5689317587317133 18
1601223705385 0.5699475569699665 19
1601223707701 0.5705425795985153 20
1601223710107 0.5700823325455622 21
1601223712417 0.5707621757976007 22
1601223714827 0.568634251631246 23
1601223717173 0.5673119922220322 24
1601223719549 0.5728670427625602 25
1601223721912 0.5675410938100641 26
1601223724250 0.5659943394792583 27
1601223726603 0.568616694506057 28
1601223728922 0.5697217645476513 29
1601223731319 0.568444739780024 30
