1601223559285 8492948246.4 0
1601223560870 525244252.8 1
1601223562394 510672217.6 2
1601223563922 314068000.0 3
1601223565454 118571556.0 4
1601223566981 61364716.0 5
1601223568510 47268253.2 6
1601223570062 43134752.0 7
1601223571618 42046424.0 8
1601223573171 41676056.8 9
1601223574716 41389750.8 10
1601223576276 41122514.4 11
1601223577840 40873970.0 12
1601223579395 40693217.6 13
1601223580960 40473831.6 14
1601223582507 40256155.6 15
1601223584073 40015228.4 16
1601223585623 39797441.2 17
1601223587191 39646138.0 18
1601223588751 39380403.2 19
1601223590375 39173415.2 20
1601223591928 38916553.6 21
1601223593481 38732398.0 22
1601223595034 38471848.8 23
1601223596591 38297179.6 24
1601223598176 37995584.8 25
1601223599763 37789184.4 26
1601223601319 37529945.6 27
1601223602866 37357982.0 28
1601223604409 37066870.8 29
