1601223559282 250713950377011.2 0
1601223560867 582663832.8 1
1601223562392 99030247.2 2
1601223563920 98021541.2 3
1601223565451 180093174.4 4
1601223566979 577429609.6 5
1601223568507 1731160678.4 6
1601223570060 2325230681.6 7
1601223571616 2028830464.0 8
1601223573169 1639400025.6 9
1601223574714 1333701580.8 10
1601223576273 1065034854.4 11
1601223577838 818323392.0 12
1601223579392 644735648.0 13
1601223580958 520032492.8 14
1601223582504 433464521.6 15
1601223584070 372164368.0 16
1601223585621 309946897.6 17
1601223587188 293763430.4 18
1601223588749 258102099.2 19
1601223590372 250858878.4 20
1601223591925 214113590.4 21
1601223593478 202440640.0 22
1601223595032 192439017.6 23
1601223596589 183513552.0 24
1601223598174 170084443.2 25
1601223599761 166428676.8 26
1601223601317 151808341.6 27
1601223602863 151053001.6 28
1601223604406 143726076.0 29
