1601223661104 0.0009131429225206374 1
1601223663524 0.0003860657393932343 2
1601223665920 0.00030884424448013304 3
1601223668378 0.000277356743812561 4
1601223670723 0.00025844774097204205 5
1601223673126 0.00024547554552555083 6
1601223675454 0.00023684789985418318 7
1601223677899 0.00023052660524845126 8
1601223680203 0.00022568491101264957 9
1601223682504 0.00022172294259071353 10
1601223684909 0.00021749473512172702 11
1601223687282 0.00021650454699993134 12
1601223689714 0.00021273488253355024 13
1601223692042 0.00021124113500118257 14
1601223694422 0.0002097770273685455 15
1601223696815 0.00020791789144277573 16
1601223699246 0.00020678077936172484 17
1601223701639 0.00020529830306768417 18
1601223704013 0.00020479525178670885 19
1601223706340 0.0002039881005883217 20
1601223708653 0.00020176233351230623 21
1601223711036 0.0002018770739436149 22
1601223713382 0.00020113641172647478 23
1601223715786 0.00020087297558784488 24
1601223718123 0.00019955589026212695 25
1601223720513 0.00019973917454481124 26
1601223722868 0.00019869441241025923 27
1601223725245 0.00019819089621305467 28
1601223727544 0.00019765273183584218 29
1601223729927 0.00019771780520677564 30
