1601223559287 3407698635155046.5 0
1601223560872 55109373814374.4 1
1601223562396 42957572721868.8 2
1601223563925 21886578825625.6 3
1601223565456 5884814111539.2 4
1601223566984 1573046216294.4 5
1601223568512 537016680448.0 6
1601223570065 267414858956.8 7
1601223571620 210569166848.0 8
1601223573173 192526709555.2 9
1601223574719 182754615296.0 10
1601223576278 177327785574.4 11
1601223577842 170388692992.0 12
1601223579397 166582176972.8 13
1601223580962 162975916032.0 14
1601223582509 161549664256.0 15
1601223584075 159728328704.0 16
1601223585626 155031525785.6 17
1601223587193 156775813939.2 18
1601223588754 152369417420.8 19
1601223590377 152801221017.6 20
1601223591930 148863868928.0 21
1601223593483 147859555942.4 22
1601223595036 146473481830.4 23
1601223596594 145226484940.8 24
1601223598178 142841638092.8 25
1601223599766 142405283020.8 26
1601223601321 139621575884.8 27
1601223602868 139615548211.2 28
1601223604411 137303323443.2 29
