1601223559289 3658421186750054.5 0
1601223560874 55110481949491.2 1
1601223562399 42958182573670.4 2
1601223563927 21886990706278.4 3
1601223565458 5885112719769.6 4
1601223566986 1573684995686.4 5
1601223568514 538795114496.0 6
1601223570067 269783225139.2 7
1601223571622 212640045465.6 8
1601223573175 194207784960.0 9
1601223574721 184129708032.0 10
1601223576280 178433941504.0 11
1601223577845 171247887974.4 12
1601223579399 167267604889.6 13
1601223580965 163536422502.4 14
1601223582511 162023383040.0 15
1601223584077 160140507545.6 16
1601223585628 155381269299.2 17
1601223587195 157109223424.0 18
1601223588756 152666898432.0 19
1601223590379 153091250585.6 20
1601223591932 149116898508.8 21
1601223593485 148100728422.4 22
1601223595039 146704391372.8 23
1601223596596 145448295628.8 24
1601223598180 143049714892.8 25
1601223599768 142609500569.6 26
1601223601324 139810914304.0 27
1601223602870 139803959296.0 28
1601223604413 137484118425.6 29
