1601223662570 0.5961139647418893 1
1601223664938 0.6478666105970173 2
1601223667397 0.6658112881313664 3
1601223669780 0.6716687556391523 4
1601223672099 0.6699711699569906 5
1601223674514 0.6783424621199459 6
1601223676881 0.6822265730204481 7
1601223679267 0.6775932777467508 8
1601223681575 0.6818481191340754 9
1601223683957 0.678641165674856 10
1601223686282 0.6785855059864297 11
1601223688766 0.684482075920968 12
1601223691100 0.6843463406748341 13
1601223693484 0.6853560737141322 14
1601223695808 0.6879883106707543 15
1601223698219 0.6796957691905966 16
1601223700627 0.6841871090119992 17
1601223703026 0.6836868145676036 18
1601223705387 0.6854345485992247 19
1601223707703 0.6863720248794151 20
1601223710109 0.6831668728924469 21
1601223712420 0.6862833179909722 22
1601223714829 0.683552020016415 23
1601223717175 0.6862120321602999 24
1601223719551 0.6879254612868326 25
1601223721914 0.6843963902049652 26
1601223724252 0.6820880099028153 27
1601223726605 0.6825434918754806 28
1601223728924 0.6864427999112933 29
1601223731321 0.6847649002357432 30
