1601224216675 0.6703 1
1601224219115 0.6955 2
1601224221491 0.7055 3
1601224223874 0.7035 4
1601224226199 0.7108 5
1601224228609 0.7108 6
1601224230954 0.7145 7
1601224233350 0.7149 8
1601224235677 0.7153 9
1601224237983 0.7125 10
1601224240360 0.718 11
1601224242716 0.7146 12
1601224245087 0.7127 13
1601224247403 0.7173 14
1601224249780 0.7175 15
1601224252085 0.7185 16
1601224254496 0.7166 17
1601224256841 0.7187 18
1601224259211 0.7182 19
1601224261536 0.7156 20
1601224263888 0.7196 21
1601224266330 0.7189 22
1601224268700 0.7175 23
1601224271070 0.7173 24
1601224273419 0.7153 25
1601224275933 0.7158 26
1601224278306 0.7138 27
1601224280737 0.7159 28
1601224283097 0.7161 29
1601224285554 0.7166 30
