1601224216678 0.5423103110003459 1
1601224219117 0.5807326769404021 2
1601224221493 0.5902682051749222 3
1601224223876 0.5952481733308604 4
1601224226202 0.6048854769677673 5
1601224228611 0.6049219809226045 6
1601224230956 0.6102985137355385 7
1601224233352 0.6095573453758448 8
1601224235679 0.6080493452653065 9
1601224237985 0.6106540047991437 10
1601224240362 0.6191849798112582 11
1601224242719 0.6087531096365995 12
1601224245089 0.6107923933005165 13
1601224247405 0.6128520881332034 14
1601224249783 0.6125812120672118 15
1601224252088 0.6157225307993515 16
1601224254498 0.6153045291580262 17
1601224256843 0.6150884037677997 18
1601224259213 0.6155430859446449 19
1601224261538 0.6134209662883142 20
1601224263890 0.6182480599527577 21
1601224266332 0.6191465341118759 22
1601224268703 0.6148391188722419 23
1601224271073 0.6142908771648163 24
1601224273421 0.6153482593472651 25
1601224275935 0.6114652382879002 26
1601224278308 0.6110150963962554 27
1601224280740 0.6163752605570221 28
1601224283099 0.6157220707238499 29
1601224285557 0.6156420075983471 30
