1601224111924 587151604561612.8 0
1601224113473 1739567430.4 1
1601224115020 242007552.0 2
1601224116573 86661891.8 3
1601224118136 48026723.0 4
1601224119779 42987609.2 5
1601224121359 343703395.2 6
1601224122901 1322394073.6 7
1601224124417 2092869427.2 8
1601224125957 1904788480.0 9
1601224127494 1409837734.4 10
1601224129025 1030114995.2 11
1601224130593 793749459.2 12
1601224132137 647841382.4 13
1601224133682 534532262.4 14
1601224135214 461742188.8 15
1601224136766 403592403.2 16
1601224138316 361298515.2 17
1601224139862 325186256.0 18
1601224141418 288962672.0 19
1601224142969 263579988.8 20
1601224144560 239209208.0 21
1601224146140 214561563.2 22
1601224147765 202231777.6 23
1601224149331 190632201.6 24
1601224150967 170150193.6 25
1601224152579 167161001.6 26
1601224154162 154807168.0 27
1601224155761 144110632.0 28
1601224157349 146961983.2 29
