1601224111929 8172473663514214.0 0
1601224113478 61783250095308.8 1
1601224115025 45060329780019.2 2
1601224116578 34140070923468.8 3
1601224118140 22221196833587.2 4
1601224119786 7320391437516.8 5
1601224121366 1346716945612.8 6
1601224122906 453688852480.0 7
1601224124422 227003832729.6 8
1601224125962 182623363072.0 9
1601224127498 170134665625.6 10
1601224129030 166687511347.2 11
1601224130598 161399005184.0 12
1601224132141 159573447475.2 13
1601224133686 155582845747.2 14
1601224135219 155044365926.4 15
1601224136770 152985291980.8 16
1601224138320 150514803507.2 17
1601224139866 149837094912.0 18
1601224141423 146878676992.0 19
1601224142974 145687282483.2 20
1601224144564 145606346342.4 21
1601224146146 142644241203.2 22
1601224147769 142967495884.8 23
1601224149338 141064611430.4 24
1601224150975 137597667737.6 25
1601224152586 138481720524.8 26
1601224154166 135831615078.4 27
1601224155769 133512510668.8 28
1601224157355 134134879846.4 29
