1601224111927 20143232038.4 0
1601224113476 607176185.6 1
1601224115023 571762208.0 2
1601224116576 491420003.2 3
1601224118138 351806371.2 4
1601224119783 146613319.2 5
1601224121363 61563438.4 6
1601224122904 49214674.4 7
1601224124419 45759000.8 8
1601224125959 44744550.0 9
1601224127496 44323152.4 10
1601224129027 44082453.2 11
1601224130595 43710610.0 12
1601224132139 43416466.4 13
1601224133684 43047242.4 14
1601224135216 42780286.8 15
1601224136768 42495462.0 16
1601224138318 42175506.0 17
1601224139864 41859494.8 18
1601224141420 41577325.6 19
1601224142971 41258568.0 20
1601224144562 40999167.6 21
1601224146143 40652417.2 22
1601224147767 40389557.2 23
1601224149335 40067085.6 24
1601224150971 39717268.4 25
1601224152583 39452778.8 26
1601224154164 39137448.0 27
1601224155766 38814160.8 28
1601224157352 38551461.2 29
