1601224215251 0.0008760344207286835 1
1601224217711 0.0003770401775836945 2
1601224220092 0.00029947700500488277 3
1601224222431 0.000266009695827961 4
1601224224836 0.0002459791705012322 5
1601224227167 0.00023406925499439238 6
1601224229555 0.00022458676397800443 7
1601224231928 0.00021790866106748586 8
1601224234300 0.00021299654543399812 9
1601224236607 0.00020867377519607545 10
1601224239009 0.00020476233661174771 11
1601224241331 0.00020240261256694795 12
1601224243720 0.00020078587830066685 13
1601224246041 0.0001989398464560509 14
1601224248341 0.000196377369761467 15
1601224250717 0.00019552507996559144 16
1601224253053 0.00019380479454994204 17
1601224255456 0.00019220910966396334 18
1601224257786 0.00019131610840559006 19
1601224260161 0.00019030659943819044 20
1601224262467 0.00018992792963981627 21
1601224264934 0.00018871342688798906 22
1601224267317 0.000188122396171093 23
1601224269694 0.00018722190409898757 24
1601224272041 0.00018600518554449082 25
1601224274469 0.00018569840490818026 26
1601224276905 0.00018616372197866442 27
1601224279279 0.00018473860621452334 28
1601224281712 0.00018431048393249513 29
1601224284054 0.0001841486230492592 30
