1601224111931 8759645654587802.0 0
1601224113480 61785597227827.2 1
1601224115027 45061143894425.6 2
1601224116580 34140649108275.2 3
1601224118143 22221596550758.4 4
1601224119790 7320581124915.2 5
1601224121368 1347122233344.0 6
1601224122908 455060461977.6 7
1601224124424 229142462464.0 8
1601224125964 184572893593.6 9
1601224127500 171588827545.6 10
1601224129032 167761708646.4 11
1601224130600 162236465152.0 12
1601224132143 160264703180.8 13
1601224133688 156160424345.6 14
1601224135221 155548891545.6 15
1601224136773 153431380787.2 16
1601224138322 150918276710.4 17
1601224139869 150204140748.8 18
1601224141425 147209216819.2 19
1601224142976 145992120729.6 20
1601224144567 145886555340.8 21
1601224146148 142899457228.8 22
1601224147772 143210116710.4 23
1601224149340 141295312076.8 24
1601224150978 137807535308.8 25
1601224152588 138688334233.6 26
1601224154168 136025561497.6 27
1601224155771 133695434752.0 28
1601224157358 134320393420.8 29
