1601224216680 0.622966556232136 1
1601224219119 0.6680503955375762 2
1601224221496 0.6822129593084676 3
1601224223878 0.6876312528262066 4
1601224226204 0.6970975443160234 5
1601224228613 0.6985415119479668 6
1601224230958 0.7022533603309132 7
1601224233354 0.7033869688054059 8
1601224235681 0.7048529030443371 9
1601224237987 0.7080100736618122 10
1601224240365 0.711501647210009 11
1601224242721 0.7036557941824307 12
1601224245091 0.7068176628419807 13
1601224247407 0.7104834672488834 14
1601224249785 0.7071331487541724 15
1601224252090 0.7135694408102176 16
1601224254500 0.7106065337994112 17
1601224256846 0.7107448270413504 18
1601224259215 0.7099474388716962 19
1601224261540 0.7084744406238882 20
1601224263892 0.714884389148796 21
1601224266334 0.714267293596826 22
1601224268705 0.7130568189131106 23
1601224271075 0.7103879837791661 24
1601224273424 0.7097454777646476 25
1601224275938 0.7072485594486115 26
1601224278311 0.7089547314080125 27
1601224280742 0.7131417956728595 28
1601224283101 0.7108558855667649 29
1601224285559 0.7108817681955772 30
