1601223115008 0.937962962962963 1
1601223115494 0.9398148148148148 2
1601223115939 0.937037037037037 3
1601223116417 0.937962962962963 4
1601223116920 0.937037037037037 5
1601223117421 0.9388888888888889 6
1601223117912 0.9388888888888889 7
1601223118412 0.937962962962963 8
1601223118895 0.9361111111111111 9
1601223119383 0.937037037037037 10
1601223119872 0.937962962962963 11
1601223120362 0.937037037037037 12
1601223120892 0.9388888888888889 13
1601223121369 0.937962962962963 14
1601223121873 0.9388888888888889 15
1601223122400 0.9388888888888889 16
1601223122903 0.937962962962963 17
1601223123403 0.9388888888888889 18
1601223123966 0.937037037037037 19
1601223124469 0.9388888888888889 20
1601223124966 0.9398148148148148 21
1601223125470 0.937962962962963 22
1601223125972 0.937962962962963 23
1601223126468 0.9388888888888889 24
1601223126950 0.937962962962963 25
1601223127477 0.937037037037037 26
1601223127977 0.9388888888888889 27
1601223128470 0.9388888888888889 28
1601223128975 0.937962962962963 29
1601223129472 0.937962962962963 30
