1601223115009 0.7670304818725857 1
1601223115494 0.7735386125278387 2
1601223115940 0.7637867604954474 3
1601223116418 0.7670304818725857 4
1601223116920 0.7637867604954474 5
1601223117422 0.770281114266992 6
1601223117913 0.770281114266992 7
1601223118413 0.7670304818725857 8
1601223118896 0.7605498575967601 9
1601223119384 0.7637867604954474 10
1601223119873 0.7670304818725857 11
1601223120362 0.763786715408697 12
1601223120893 0.770281070419839 13
1601223121369 0.7670304818725857 14
1601223121874 0.770281070419839 15
1601223122401 0.770281070419839 16
1601223122904 0.7670304818725857 17
1601223123404 0.770281070419839 18
1601223123967 0.7637867604954474 19
1601223124470 0.770281114266992 20
1601223124967 0.7735386125278387 21
1601223125471 0.7670304818725857 22
1601223125973 0.7670304818725857 23
1601223126469 0.770281070419839 24
1601223126951 0.7670304818725857 25
1601223127478 0.7637867604954474 26
1601223127978 0.770281070419839 27
1601223128470 0.770281070419839 28
1601223128976 0.7670304818725857 29
1601223129473 0.7670304818725857 30
