1601223114989 0.099679134786129 1
1601223115475 0.09880225360393524 2
1601223115921 0.09977655857801437 3
1601223116397 0.09967418760061264 4
1601223116900 0.09957478381693363 5
1601223117401 0.09977217763662338 6
1601223117890 0.09968145238235593 7
1601223118392 0.09977247985079885 8
1601223118877 0.09977819584310055 9
1601223119362 0.099293218459934 10
1601223119853 0.09948093723505735 11
1601223120342 0.09977083839476109 12
1601223120872 0.09948208322748542 13
1601223121347 0.09976996947079897 14
1601223121853 0.09958155592903495 15
1601223122381 0.09977135527879 16
1601223122882 0.09977794345468283 17
1601223123383 0.09968265891075134 18
1601223123858 0.09977086959406734 19
1601223124448 0.09977408917620778 20
1601223124945 0.09957642760127783 21
1601223125451 0.09967952780425549 22
1601223125953 0.09967457968741655 23
1601223126446 0.09967584442347288 24
1601223126930 0.09977373806759715 25
1601223127457 0.09967696433886886 26
1601223127958 0.09957993309944868 27
1601223128449 0.09967904817312956 28
1601223128956 0.09967812523245811 29
1601223129452 0.09899302711710334 30
