1601223110800 533.4698600769043 0
1601223110832 119.33945608139038 1
1601223110862 40.37985610961914 2
1601223110892 19.413865953683853 3
1601223110923 17.989752799272537 4
1601223110953 15.682441085577011 5
1601223110984 14.783687353134155 6
1601223111014 13.088496148586273 7
1601223111044 11.3340665102005 8
1601223111073 10.9969242811203 9
1601223111104 9.127923369407654 10
1601223111134 9.731862872838974 11
1601223111162 7.798274651169777 12
1601223111192 7.102230742573738 13
1601223111222 7.248865634202957 14
1601223111255 6.794838726520538 15
1601223111287 7.025244370102882 16
1601223111319 6.189568296074867 17
1601223111351 5.035270124673843 18
1601223111381 5.212634965777397 19
1601223111413 4.6309972405433655 20
1601223111443 4.591656908392906 21
1601223111476 5.054380968213081 22
1601223111510 4.0784889459609985 23
1601223111543 4.165026485919952 24
1601223111575 3.644835188984871 25
1601223111607 3.9290318489074707 26
1601223111639 4.083999827504158 27
1601223111671 3.9454089254140854 28
1601223111705 3.3115672916173935 29
