1601223110797 955.8450465202332 0
1601223110829 196.01492285728455 1
1601223110860 56.627403914928436 2
1601223110891 20.371882617473602 3
1601223110921 18.85171389579773 4
1601223110951 15.562538594007492 5
1601223110982 15.171737402677536 6
1601223111012 12.76364466547966 7
1601223111042 10.101536229252815 8
1601223111071 10.344448119401932 9
1601223111101 7.485690742731094 10
1601223111132 9.17519325017929 11
1601223111161 6.04082652926445 12
1601223111189 5.0631337612867355 13
1601223111220 5.747709810733795 14
1601223111253 5.297432020306587 15
1601223111285 6.135986268520355 16
1601223111317 4.84921320527792 17
1601223111349 3.0462607070803642 18
1601223111378 3.5176407396793365 19
1601223111411 2.797040157020092 20
1601223111441 2.6525659039616585 21
1601223111473 3.8696551360189915 22
1601223111507 2.3133390992879868 23
1601223111541 2.608523204922676 24
1601223111572 1.9281249828636646 25
1601223111604 2.401677880436182 26
1601223111637 3.004882998764515 27
1601223111669 2.851758975535631 28
1601223111702 1.6813624538481236 29
