1601223110799 477.9225232601166 0
1601223110831 98.00746142864227 1
1601223110862 28.313701957464218 2
1601223110892 10.185941308736801 3
1601223110922 9.425856947898865 4
1601223110952 7.781269297003746 5
1601223110983 7.585868701338768 6
1601223111013 6.38182233273983 7
1601223111044 5.050768114626408 8
1601223111073 5.172224059700966 9
1601223111103 3.742845371365547 10
1601223111134 4.587596625089645 11
1601223111162 3.020413264632225 12
1601223111191 2.5315668806433678 13
1601223111221 2.8738549053668976 14
1601223111254 2.6487160101532936 15
1601223111287 3.0679931342601776 16
1601223111319 2.42460660263896 17
1601223111351 1.5231303535401821 18
1601223111380 1.7588203698396683 19
1601223111412 1.398520078510046 20
1601223111442 1.3262829519808292 21
1601223111475 1.9348275680094957 22
1601223111509 1.1566695496439934 23
1601223111543 1.304261602461338 24
1601223111574 0.9640624914318323 25
1601223111606 1.200838940218091 26
1601223111638 1.5024414993822575 27
1601223111671 1.4258794877678156 28
1601223111704 0.8406812269240618 29
