1601223110798 55.54733729362488 0
1601223110830 21.331996232271194 1
1601223110861 12.066154062747955 2
1601223110891 9.227924466133118 3
1601223110922 8.563895791769028 4
1601223110952 7.901171773672104 5
1601223110982 7.197818726301193 6
1601223111013 6.706673890352249 7
1601223111043 6.283298388123512 8
1601223111072 5.824700117111206 9
1601223111102 5.385078087449074 10
1601223111133 5.144266277551651 11
1601223111161 4.777861312031746 12
1601223111190 4.570663869380951 13
1601223111221 4.375010684132576 14
1601223111254 4.146122753620148 15
1601223111286 3.9572512805461884 16
1601223111318 3.764961749315262 17
1601223111350 3.5121398270130157 18
1601223111379 3.45381461083889 19
1601223111412 3.232477128505707 20
1601223111442 3.265374004840851 21
1601223111474 3.1195534020662308 22
1601223111509 2.9218193888664246 23
1601223111542 2.8607648760080338 24
1601223111573 2.6807727366685867 25
1601223111605 2.7281929552555084 26
1601223111638 2.5815583392977715 27
1601223111670 2.5195294693112373 28
1601223111703 2.470886066555977 29
