1601223115009 0.6665606601430564 1
1601223115495 0.6745411795801413 2
1601223115941 0.6631876671826601 3
1601223116418 0.6665606601430564 4
1601223116921 0.6631876671826601 5
1601223117422 0.6705243786620215 6
1601223117913 0.6705243786620215 7
1601223118413 0.6665606601430564 8
1601223118897 0.6592782347573725 9
1601223119384 0.6631876671826601 10
1601223119873 0.6665606601430564 11
1601223120363 0.662647936661969 12
1601223120894 0.6699653706892468 13
1601223121370 0.6665606601430564 14
1601223121874 0.6699653706892468 15
1601223122402 0.6699653706892468 16
1601223122905 0.6665606601430564 17
1601223123404 0.6699653706892468 18
1601223123968 0.6631876671826601 19
1601223124471 0.6705243786620215 20
1601223124967 0.6745411795801413 21
1601223125471 0.6665606601430564 22
1601223125974 0.6665606601430564 23
1601223126469 0.6699653706892468 24
1601223126952 0.6665606601430564 25
1601223127479 0.6631876671826601 26
1601223127979 0.6699653706892468 27
1601223128471 0.6699653706892468 28
1601223128976 0.6665606601430564 29
1601223129475 0.6665606601430564 30
