1601224031614 0.6016 1
1601224034040 0.6204000000000001 2
1601224036415 0.6267 3
1601224038851 0.6295 4
1601224041253 0.6333 5
1601224043718 0.6299 6
1601224046058 0.6364000000000001 7
1601224048552 0.6344000000000001 8
1601224050881 0.6377999999999999 9
1601224053321 0.6366 10
1601224055703 0.6376 11
1601224058111 0.6327 12
1601224060453 0.6357999999999999 13
1601224062773 0.6366 14
1601224065237 0.6394 15
1601224067587 0.6383 16
1601224069985 0.6365000000000001 17
1601224072322 0.6355 18
1601224074731 0.6405000000000001 19
1601224077106 0.6367 20
1601224079516 0.6383 21
1601224081843 0.6384000000000001 22
1601224084257 0.6367 23
1601224086620 0.6374 24
1601224088941 0.637 25
1601224091318 0.6377999999999999 26
1601224093651 0.6361 27
1601224096024 0.6355999999999999 28
1601224098332 0.6396999999999999 29
1601224100665 0.6396999999999999 30
