1601224031617 0.48138472903864543 1
1601224034043 0.5205149869687027 2
1601224036418 0.5340343865434154 3
1601224038853 0.5408411564097472 4
1601224041256 0.5423629751660517 5
1601224043720 0.5402244853144265 6
1601224046060 0.5492481852614758 7
1601224048554 0.5483133417601821 8
1601224050884 0.551062674032362 9
1601224053324 0.5528383311414639 10
1601224055705 0.552983605540372 11
1601224058114 0.5469874130531163 12
1601224060455 0.5520256051933867 13
1601224062776 0.5528007572401964 14
1601224065239 0.5547164135054795 15
1601224067589 0.554367017069249 16
1601224069988 0.5539003019977085 17
1601224072325 0.5508400991209101 18
1601224074733 0.5570546455158216 19
1601224077108 0.5545718795932433 20
1601224079518 0.5531639821683013 21
1601224081845 0.5544187357210859 22
1601224084259 0.5567217274958873 23
1601224086622 0.5544816490802806 24
1601224088944 0.5539129048879899 25
1601224091321 0.5559077560166541 26
1601224093654 0.5539882186401446 27
1601224096027 0.555535908955868 28
1601224098334 0.5570478897295309 29
1601224100668 0.5564381904687162 30
