1601223926822 466134898135782.4 0
1601223928384 218117714.3 1
1601223930024 2501818.953125 2
1601223931609 11709857.575 3
1601223933196 193288056.0 4
1601223934793 682698284.8 5
1601223936351 1584474521.6 6
1601223937904 2042628147.2 7
1601223939475 1927692198.4 8
1601223941042 1586754137.6 9
1601223942637 1252524652.8 10
1601223944189 994134297.6 11
1601223945765 791268755.2 12
1601223947318 664719801.6 13
1601223948878 557636448.0 14
1601223950456 487624192.0 15
1601223952013 423230588.8 16
1601223953599 396978508.8 17
1601223955198 354930758.4 18
1601223956775 332996931.2 19
1601223958419 298811792.0 20
1601223959998 301131488.0 21
1601223961554 255664340.8 22
1601223963136 262212075.2 23
1601223964721 222306113.6 24
1601223966283 216027707.2 25
1601223967824 215465419.2 26
1601223969347 209753360.0 27
1601223970909 192125908.8 28
1601223972473 202627057.6 29
