1601224030154 0.0009379450410604475 1
1601224032621 0.0003614770233631134 2
1601224035029 0.00028124897927045824 3
1601224037461 0.00024438264667987823 4
1601224039849 0.00022281256020069122 5
1601224042316 0.00020895252972841263 6
1601224044668 0.00020039587765932084 7
1601224047104 0.00019167950749397275 8
1601224049503 0.00018765252530574797 9
1601224051827 0.0001829650357365608 10
1601224054314 0.00018071150183677674 11
1601224056653 0.00017780818939208982 12
1601224059057 0.00017551492452621463 13
1601224061401 0.00017419565320014955 14
1601224063835 0.00017243743240833283 15
1601224066192 0.00017039417326450345 16
1601224068605 0.000169268374145031 17
1601224070940 0.0001679328128695488 18
1601224073260 0.00016729334890842437 19
1601224075706 0.00016673616915941237 20
1601224078062 0.00016545572429895402 21
1601224080455 0.00016466251164674756 22
1601224082797 0.00016454365998506547 23
1601224085210 0.0001637237086892128 24
1601224087579 0.0001630370497703552 25
1601224089958 0.0001610478788614273 26
1601224092289 0.00016135240942239765 27
1601224094665 0.00016154965311288835 28
1601224096945 0.0001613196775317192 29
1601224099223 0.00016074871122837069 30
