1601223926829 6648549853678797.0 0
1601223928391 58801846117990.4 1
1601223930031 40847623900364.8 2
1601223931616 11294777278464.0 3
1601223933204 2381835023155.2 4
1601223934800 957160600371.2 5
1601223936360 390923331174.4 6
1601223937911 243043432857.6 7
1601223939482 206159409971.2 8
1601223941049 192539105689.6 9
1601223942647 187889175756.8 10
1601223944195 183585028505.6 11
1601223945772 179669227929.6 12
1601223947325 180774762905.6 13
1601223948885 177408987955.2 14
1601223950463 175922695372.8 15
1601223952020 172050441830.4 16
1601223953606 172665290752.0 17
1601223955205 170426807091.2 18
1601223956782 169627117158.4 19
1601223958426 167342039040.0 20
1601223960005 169087243059.2 21
1601223961560 165022105600.0 22
1601223963143 167838375936.0 23
1601223964728 162864706355.2 24
1601223966290 161843412992.0 25
1601223967831 162070311731.2 26
1601223969353 161574767820.8 27
1601223970916 159727527526.4 28
1601223972480 160797150412.8 29
