1601223926826 6182400082051072.0 0
1601223928389 58801076463206.4 1
1601223930029 40847137361100.8 2
1601223931614 11294585179340.8 3
1601223933202 2381567439667.2 4
1601223934797 956421858918.4 5
1601223936358 389290020044.8 6
1601223937909 240954058342.4 7
1601223939479 204185563955.2 8
1601223941047 190906479411.2 9
1601223942645 186590907596.8 10
1601223944193 182545250713.6 11
1601223945770 178832456089.6 12
1601223947323 180064564019.2 13
1601223948883 176806032179.2 14
1601223950461 175389879500.8 15
1601223952018 171582121574.4 16
1601223953604 172223319244.8 17
1601223955203 170026989977.6 18
1601223956780 169249382400.0 19
1601223958424 166998614016.0 20
1601223960003 168741514444.8 21
1601223961558 164721963827.2 22
1601223963141 167531721523.2 23
1601223964726 162598166528.0 24
1601223966288 161583331737.6 25
1601223967829 161810889113.6 26
1601223969351 161321150054.4 27
1601223970914 159491676569.6 28
1601223972478 160550912000.0 29
