1601223926824 15019038966.4 0
1601223928387 551124915.2 1
1601223930026 483759737.6 2
1601223931612 180434329.6 3
1601223933200 74294576.4 4
1601223934795 56040706.4 5
1601223936355 48841064.0 6
1601223937906 46746122.8 7
1601223939477 46152855.6 8
1601223941045 45874364.4 9
1601223942641 45745423.6 10
1601223944191 45643786.8 11
1601223945768 45503413.2 12
1601223947320 45476699.6 13
1601223948880 45319572.0 14
1601223950459 45191543.6 15
1601223952016 45091454.0 16
1601223953601 44991587.6 17
1601223955201 44887530.8 18
1601223956778 44737924.4 19
1601223958421 44612638.0 20
1601223960000 44599057.6 21
1601223961556 44478784.0 22
1601223963139 44442347.2 23
1601223964724 44231013.6 24
1601223966286 44053108.0 25
1601223967827 43954766.0 26
1601223969349 43863118.4 27
1601223970912 43724905.6 28
1601223972476 43612065.2 29
