1601224031619 0.592825014705909 1
1601224034045 0.6414441926261645 2
1601224036420 0.6586875508381493 3
1601224038856 0.6695544354818815 4
1601224041258 0.672258113730224 5
1601224043722 0.6696147987163225 6
1601224046063 0.679494291676511 7
1601224048557 0.6795340940297561 8
1601224050886 0.6810347632344054 9
1601224053326 0.6843515745878423 10
1601224055707 0.6839782391743912 11
1601224058116 0.6795449280417151 12
1601224060457 0.6862338394778411 13
1601224062778 0.6828567892416285 14
1601224065242 0.685555185973253 15
1601224067591 0.6840823596743284 16
1601224069990 0.6848847535848303 17
1601224072327 0.6836474174170583 18
1601224074736 0.6895435033472234 19
1601224077110 0.6867166746822085 20
1601224079521 0.6840983720115169 21
1601224081847 0.6866018507869919 22
1601224084261 0.6874534362969775 23
1601224086625 0.6887548452443549 24
1601224088946 0.6848342714134017 25
1601224091323 0.6833551740575458 26
1601224093656 0.6867193133477068 27
1601224096029 0.6868321564915998 28
1601224098336 0.688868601068574 29
1601224100670 0.6877069019567225 30
