1601223479542 0.6365000000000001 1
1601223481924 0.6567000000000001 2
1601223484315 0.6611 3
1601223486695 0.6662 4
1601223489138 0.6711 5
1601223491457 0.6718999999999999 6
1601223493821 0.6698999999999999 7
1601223496205 0.6733 8
1601223498539 0.6732 9
1601223500965 0.6717 10
1601223503321 0.6723 11
1601223505732 0.6749 12
1601223508089 0.6746 13
1601223510483 0.6681 14
1601223512843 0.6732 15
1601223515238 0.6773 16
1601223517564 0.6744 17
1601223519840 0.6753 18
1601223522273 0.6758 19
1601223524580 0.6780999999999999 20
1601223526956 0.6803 21
1601223529269 0.6708000000000001 22
1601223531708 0.6762 23
1601223534045 0.6725 24
1601223536417 0.6759 25
1601223538706 0.6747000000000001 26
1601223541079 0.6755 27
1601223543366 0.6773 28
1601223545662 0.6747000000000001 29
1601223548054 0.6768000000000001 30
