1601223479545 0.47541518603897376 1
1601223481927 0.5166607102574265 2
1601223484318 0.5264897821150357 3
1601223486697 0.5333963695959254 4
1601223489140 0.5358423566657342 5
1601223491459 0.5367210842066389 6
1601223493823 0.5366967712691999 7
1601223496208 0.5411465384993865 8
1601223498542 0.5422717311167314 9
1601223500967 0.54242641093939 10
1601223503324 0.542869582918165 11
1601223505735 0.5456434607788171 12
1601223508092 0.545293407274813 13
1601223510485 0.5407790242781868 14
1601223512845 0.5437412644719173 15
1601223515241 0.5499686388174159 16
1601223517566 0.5452099013364113 17
1601223519842 0.5496075328601834 18
1601223522275 0.5490526440364287 19
1601223524583 0.5526290455418612 20
1601223526959 0.5525052396435979 21
1601223529271 0.5430921453844066 22
1601223531711 0.5469937114534514 23
1601223534048 0.5443763359794617 24
1601223536419 0.5474281769036494 25
1601223538708 0.5473603749503507 26
1601223541081 0.5475891846293289 27
1601223543368 0.5494420163961141 28
1601223545665 0.5484192203986735 29
1601223548056 0.548991440447955 30
