1601223478045 0.0009684055984020232 1
1601223480534 0.00038443152904510505 2
1601223482882 0.0003026412069797517 3
1601223485319 0.00026685152500867843 4
1601223487666 0.00024568247497081756 5
1601223490084 0.00023068656325340273 6
1601223492448 0.00022126694768667218 7
1601223494845 0.00021414314657449722 8
1601223497156 0.00020848025083541872 9
1601223499567 0.00020446077287197112 10
1601223501937 0.00020030869990587236 11
1601223504310 0.00019812551438808438 12
1601223506711 0.0001965040013194084 13
1601223509025 0.0001933844521641731 14
1601223511496 0.00019328254163265227 15
1601223513814 0.00019060239642858506 16
1601223516200 0.00018981314003467558 17
1601223518491 0.00018785484731197356 18
1601223520878 0.0001867512807250023 19
1601223523220 0.00018487081825733183 20
1601223525602 0.00018505953252315522 21
1601223527905 0.0001843282625079155 22
1601223530254 0.00018334019631147385 23
1601223532681 0.00018189576715230943 24
1601223534992 0.0001828461825847626 25
1601223537348 0.0001816190481185913 26
1601223539650 0.00018119203150272368 27
1601223541975 0.00018070210963487624 28
1601223544292 0.00017914844006299973 29
1601223546654 0.00018001673519611362 30
