1601223375972 6240716559115878.0 0
1601223377534 61395178409164.8 1
1601223379093 32177902531379.2 2
1601223380647 10665225512550.4 3
1601223382205 3106684298854.4 4
1601223383762 1088872257945.6 5
1601223385306 508160462028.8 6
1601223386859 338997864038.4 7
1601223388419 277974142156.8 8
1601223389969 246786503475.2 9
1601223391532 228822853222.4 10
1601223393080 220506277478.4 11
1601223394647 210667470848.0 12
1601223396207 203388156313.6 13
1601223397837 200974922547.2 14
1601223399396 196690626150.4 15
1601223400968 192170755686.4 16
1601223402518 189789924556.8 17
1601223404083 188358400409.6 18
1601223405643 185420082380.8 19
1601223407218 183379974553.6 20
1601223408769 183235452928.0 21
1601223410336 178810544128.0 22
1601223411889 179041981235.2 23
1601223413443 177564144435.2 24
1601223414988 174893372211.2 25
1601223416549 173200416768.0 26
1601223418120 172824133632.0 27
1601223419680 171560684748.8 28
1601223421241 171859061964.8 29
