1601223375967 437160779266560.0 0
1601223377527 58324533.94375 1
1601223379088 303059.0546875 2
1601223380643 665331.95625 3
1601223382200 15972992.8 4
1601223383757 263733042.4 5
1601223385302 968040320.0 6
1601223386854 1309903872.0 7
1601223388415 1171598336.0 8
1601223389964 950443494.4 9
1601223391527 739992576.0 10
1601223393076 588736726.4 11
1601223394642 470521590.4 12
1601223396203 366959590.4 13
1601223397833 314025088.0 14
1601223399391 253612624.0 15
1601223400964 207676009.6 16
1601223402513 185887886.4 17
1601223404078 178510527.2 18
1601223405638 161726490.4 19
1601223407214 146410428.8 20
1601223408765 141722176.0 21
1601223410331 120718339.2 22
1601223411884 123165758.4 23
1601223413438 112184786.4 24
1601223414983 102243146.4 25
1601223416544 90250027.2 26
1601223418115 92104186.4 27
1601223419675 86042500.8 28
1601223421237 97308114.4 29
