1601223375970 15522685894.4 0
1601223377531 584546956.8 1
1601223379091 402685363.2 2
1601223380645 174797351.2 3
1601223382202 84115607.6 4
1601223383759 58556434.0 5
1601223385304 50744693.6 6
1601223386857 48260842.0 7
1601223388417 47299052.8 8
1601223389967 46754148.0 9
1601223391530 46463595.6 10
1601223393078 46311069.2 11
1601223394645 46105107.6 12
1601223396205 45929626.8 13
1601223397835 45799314.8 14
1601223399394 45674304.0 15
1601223400966 45537639.6 16
1601223402516 45388544.8 17
1601223404081 45235824.4 18
1601223405640 45096183.2 19
1601223407216 44987106.0 20
1601223408767 44891597.6 21
1601223410334 44671467.6 22
1601223411887 44570042.0 23
1601223413441 44441592.0 24
1601223414986 44269672.0 25
1601223416547 44207486.8 26
1601223418117 44064636.4 27
1601223419678 43915060.8 28
1601223421239 43730371.2 29
