1601223375974 6677893015719117.0 0
1601223377536 61395820976537.6 1
1601223379095 32178305394278.4 2
1601223380649 10665400729600.0 3
1601223382207 3106784385433.6 4
1601223383764 1089194557440.0 5
1601223385308 509179251916.8 6
1601223386861 340356025548.8 7
1601223388421 279193041305.6 8
1601223389971 247783699251.2 9
1601223391534 229609309798.4 10
1601223393083 221141321318.4 11
1601223394649 211184096051.2 12
1601223396209 203801046220.8 13
1601223397839 201334746316.8 14
1601223399398 196989912678.4 15
1601223400971 192423968768.0 16
1601223402520 190021201100.8 17
1601223404085 188582148505.6 18
1601223405645 185626902528.0 19
1601223407220 183571367526.4 20
1601223408772 183422068326.4 21
1601223410338 178975934054.4 22
1601223411891 179209715712.0 23
1601223413445 177720770560.0 24
1601223414990 175039887769.6 25
1601223416551 173334873702.4 26
1601223418122 172960304332.8 27
1601223419682 171690644275.2 28
1601223421243 172000100352.0 29
