1601223479547 0.5858883278177337 1
1601223481929 0.6378177129798243 2
1601223484320 0.6508270603314061 3
1601223486699 0.665246856796989 4
1601223489142 0.6649994066675129 5
1601223491461 0.6644096603508627 6
1601223493825 0.6670693601478971 7
1601223496210 0.6697397808616793 8
1601223498544 0.6747292704609127 9
1601223500969 0.6714290371337689 10
1601223503326 0.6719740609599162 11
1601223505737 0.6737588899878734 12
1601223508094 0.6777675670210809 13
1601223510487 0.673086638566367 14
1601223512847 0.6756282329602641 15
1601223515243 0.6753871058209535 16
1601223517569 0.6754245376346636 17
1601223519845 0.6807119831224354 18
1601223522277 0.6803578970459103 19
1601223524585 0.6807951912331438 20
1601223526961 0.6797838594537572 21
1601223529274 0.6777816156624957 22
1601223531713 0.677455351487145 23
1601223534050 0.6756030132717776 24
1601223536421 0.6799579247996798 25
1601223538710 0.6779625577156255 26
1601223541084 0.6776223322821107 27
1601223543370 0.6799814698687576 28
1601223545667 0.6797006213102521 29
1601223548059 0.6800665000688448 30
