1601224585176 0.6234 1
1601224587535 0.6453 2
1601224589862 0.6541 3
1601224592294 0.6593 4
1601224594655 0.6618999999999999 5
1601224597055 0.663 6
1601224599416 0.6662 7
1601224601818 0.6681 8
1601224604176 0.6668000000000001 9
1601224606631 0.6659999999999999 10
1601224608945 0.6636 11
1601224611380 0.6676 12
1601224613806 0.6672 13
1601224616147 0.6663 14
1601224618520 0.6678 15
1601224620867 0.6664 16
1601224623237 0.6700999999999999 17
1601224625605 0.6675 18
1601224628010 0.6693 19
1601224630309 0.6687000000000001 20
1601224632694 0.6702 21
1601224635004 0.6704 22
1601224637343 0.6676 23
1601224639634 0.6685 24
1601224641982 0.6709 25
1601224644303 0.6688000000000001 26
1601224646646 0.6678 27
1601224649006 0.6704 28
1601224651313 0.6725 29
1601224653665 0.6692 30
