1601224585179 0.48699305800016385 1
1601224587538 0.5272784578417911 2
1601224589865 0.5401131906077453 3
1601224592297 0.5500321954058787 4
1601224594657 0.5545823606430786 5
1601224597058 0.5559695956622693 6
1601224599418 0.5629600616742421 7
1601224601821 0.561994958972823 8
1601224604179 0.5651760546693897 9
1601224606634 0.5620079197359029 10
1601224608947 0.5591326813769371 11
1601224611383 0.5652986074048101 12
1601224613808 0.5638407490418449 13
1601224616150 0.5639625094699366 14
1601224618523 0.5661782257848684 15
1601224620869 0.5667678735578912 16
1601224623240 0.5655731450439957 17
1601224625608 0.5622850357504037 18
1601224628012 0.5643322485121396 19
1601224630312 0.565059377670572 20
1601224632696 0.5645739095216666 21
1601224635007 0.5664850143557839 22
1601224637345 0.5660791156096909 23
1601224639637 0.5702482050153791 24
1601224641984 0.5672594185052002 25
1601224644306 0.5637674053727423 26
1601224646648 0.5654305581499339 27
1601224649008 0.5672141539364859 28
1601224651315 0.566521690768437 29
1601224653667 0.5693590264406646 30
