1601224583710 0.0009520550131797789 1
1601224586120 0.00039504259228706365 2
1601224588491 0.0003111999392509461 3
1601224590889 0.00027163875997066495 4
1601224593271 0.0002492667764425277 5
1601224595686 0.00023370291590690614 6
1601224598033 0.00022407559156417843 7
1601224600359 0.00021769965291023254 8
1601224602794 0.000212065789103508 9
1601224605191 0.00020870683938264845 10
1601224607579 0.0002050242260098458 11
1601224609960 0.00020191462486982345 12
1601224612394 0.00020032615363597866 13
1601224614773 0.00019827687442302704 14
1601224617145 0.0001968038812279701 15
1601224619486 0.00019555371403694156 16
1601224621875 0.0001944992870092392 17
1601224624204 0.00019290013909339904 18
1601224626569 0.0001922592520713806 19
1601224628947 0.00019091368168592453 20
1601224631266 0.00019087851345539095 21
1601224633639 0.0001900809958577156 22
1601224635913 0.0001885008051991463 23
1601224638270 0.0001882414326071739 24
1601224640611 0.0001883309751749039 25
1601224642964 0.00018740514367818832 26
1601224645285 0.00018618993014097213 27
1601224647643 0.00018630508035421373 28
1601224649948 0.00018536880910396578 29
1601224652242 0.00018542250096797945 30
