1601224479242 2903173482151936.0 0
1601224480859 56081057736294.4 1
1601224482428 40402579514982.4 2
1601224484016 21118780650291.2 3
1601224485586 6356633858867.2 4
1601224487174 1063847061094.4 5
1601224488747 455742681907.2 6
1601224490306 231024318873.6 7
1601224491872 159736127488.0 8
1601224493445 144298818764.8 9
1601224495027 138017196441.6 10
1601224496597 134064334438.4 11
1601224498207 133401965363.2 12
1601224499780 131000387993.6 13
1601224501337 130381429964.8 14
1601224502907 127711594086.4 15
1601224504506 128179599769.6 16
1601224506081 125701658214.4 17
1601224507619 123687067648.0 18
1601224509162 121918986649.6 19
1601224510811 121926909952.0 20
1601224512396 121304829952.0 21
1601224513961 118534096486.4 22
1601224515539 117336109056.0 23
1601224517101 116827062272.0 24
1601224518666 115749880627.2 25
1601224520278 114228389478.4 26
1601224521869 113071522611.2 27
1601224523467 111344420454.4 28
1601224525064 111428468736.0 29
