1601224479245 3123008959309414.5 0
1601224480861 56082113442611.2 1
1601224482431 40403084718899.2 2
1601224484018 21119097005670.4 3
1601224485588 6356785430528.0 4
1601224487177 1064261550080.0 5
1601224488749 457043407667.2 6
1601224490308 233070687027.2 7
1601224491874 161798247219.2 8
1601224493447 145976056217.6 9
1601224495029 139321898598.4 10
1601224496599 135094967500.8 11
1601224498209 134218849484.8 12
1601224499782 131664588800.0 13
1601224501339 130925160038.4 14
1601224502909 128165135155.2 15
1601224504509 128575456870.4 16
1601224506083 126048095436.8 17
1601224507621 123994938572.8 18
1601224509164 122191879372.8 19
1601224510813 122179928883.2 20
1601224512398 121542887833.6 21
1601224513964 118748021555.2 22
1601224515541 117536079872.0 23
1601224517103 117019785625.6 24
1601224518668 115928080384.0 25
1601224520281 114398720819.2 26
1601224521871 113235949158.4 27
1601224523469 111498160537.6 28
1601224525066 111578264371.2 29
