1601224479236 219828365396224.0 0
1601224480852 535486581.6 1
1601224482424 30487525.5 2
1601224484011 18737156.0 3
1601224485581 30792015.4 4
1601224487165 363898580.8 5
1601224488742 1258315283.2 6
1601224490301 2007356582.4 7
1601224491867 2024461990.4 8
1601224493440 1640010329.6 9
1601224495022 1267822617.6 10
1601224496592 994019699.2 11
1601224498202 780451571.2 12
1601224499775 628026019.2 13
1601224501332 507802784.0 14
1601224502902 417933939.2 15
1601224504501 360475526.4 16
1601224506076 311326164.8 17
1601224507614 273017427.2 18
1601224509157 238299137.6 19
1601224510806 218678921.6 20
1601224512391 203939724.8 21
1601224513957 180086497.6 22
1601224515534 166351404.8 23
1601224517096 159396560.0 24
1601224518662 145117544.8 25
1601224520271 137488575.2 26
1601224521864 131862974.4 27
1601224523462 121464377.6 28
1601224525057 117707795.2 29
