1601224479240 7208637686.4 0
1601224480856 520226857.6 1
1601224482426 474852124.8 2
1601224484014 297720038.4 3
1601224485584 120788257.6 4
1601224487170 50578593.6 5
1601224488745 42405100.4 6
1601224490303 39011974.0 7
1601224491870 37659199.6 8
1601224493443 37226910.0 9
1601224495025 36881587.6 10
1601224496594 36613670.4 11
1601224498205 36432235.2 12
1601224499778 36176587.2 13
1601224501335 35927287.6 14
1601224502905 35606402.0 15
1601224504504 35383575.2 16
1601224506079 35111673.6 17
1601224507617 34853327.4 18
1601224509159 34593212.0 19
1601224510809 34340798.8 20
1601224512394 34119284.8 21
1601224513959 33837318.8 22
1601224515537 33619539.6 23
1601224517099 33326528.8 24
1601224518664 33082129.0 25
1601224520275 32842407.4 26
1601224521867 32562987.2 27
1601224523465 32276032.2 28
1601224525060 32088002.8 29
