1601224585181 0.5780491316662372 1
1601224587540 0.6278397254725336 2
1601224589867 0.646578801159368 3
1601224592299 0.6581771688042883 4
1601224594660 0.6666262710375325 5
1601224597060 0.6666699917539738 6
1601224599420 0.6737478878626286 7
1601224601823 0.6734721224741044 8
1601224604181 0.6769944711224711 9
1601224606636 0.6766476435798545 10
1601224608949 0.6705163423665373 11
1601224611385 0.6779435010428432 12
1601224613811 0.6767463064064833 13
1601224616152 0.6767085975600519 14
1601224618525 0.6799164419112376 15
1601224620871 0.680614372666024 16
1601224623242 0.6796339202549033 17
1601224625610 0.6779915587406155 18
1601224628015 0.6754525688143185 19
1601224630314 0.677466105886863 20
1601224632699 0.6768362018254005 21
1601224635009 0.6790544069709107 22
1601224637348 0.6830690445640104 23
1601224639639 0.684659838722622 24
1601224641986 0.6819284199947229 25
1601224644308 0.6779324362207421 26
1601224646650 0.6815088573885228 27
1601224649011 0.6820131581679354 28
1601224651317 0.6807179832167025 29
1601224653670 0.6824840291310212 30
