1601224768579 0.6649 1
1601224771003 0.6937 2
1601224773362 0.6979 3
1601224775824 0.7039 4
1601224778160 0.7065 5
1601224780572 0.7047 6
1601224782909 0.7114 7
1601224785278 0.7042999999999999 8
1601224787613 0.7082999999999999 9
1601224789974 0.7121 10
1601224792301 0.7070000000000001 11
1601224794691 0.71 12
1601224797025 0.7081999999999999 13
1601224799346 0.71 14
1601224801763 0.7092 15
1601224804108 0.7059 16
1601224806493 0.7116 17
1601224808811 0.7102999999999999 18
1601224811264 0.7102999999999999 19
1601224813698 0.7088 20
1601224816093 0.7072 21
1601224818457 0.71 22
1601224820891 0.7103999999999999 23
1601224823229 0.7108 24
1601224825622 0.7103999999999999 25
1601224828009 0.7085 26
1601224830325 0.7126 27
1601224832734 0.7118 28
1601224835078 0.7108 29
1601224837502 0.7097 30
