1601224768581 0.5289362097792603 1
1601224771006 0.5810297918575893 2
1601224773364 0.5882677170793554 3
1601224775827 0.5978434589387177 4
1601224778163 0.6021866666329838 5
1601224780575 0.6027933478438386 6
1601224782911 0.6103648027899053 7
1601224785280 0.6027360869866891 8
1601224787615 0.6073202806716187 9
1601224789977 0.6144166405240457 10
1601224792304 0.6087419550705623 11
1601224794693 0.6120394934032073 12
1601224797027 0.6075107995267187 13
1601224799349 0.610039787057153 14
1601224801766 0.6109184177257099 15
1601224804110 0.6097586415079826 16
1601224806495 0.6138514482073012 17
1601224808813 0.6124102749099626 18
1601224811267 0.6104979125370059 19
1601224813700 0.608865259271959 20
1601224816096 0.6062359030663727 21
1601224818460 0.608418483212195 22
1601224820893 0.611865869372506 23
1601224823232 0.6119660180492346 24
1601224825624 0.6138571688251706 25
1601224828011 0.608672754895633 26
1601224830328 0.6124535050726622 27
1601224832736 0.6133873960929358 28
1601224835081 0.612127525235219 29
1601224837505 0.6103168920259412 30
