1601224664903 11438997840.0 0
1601224666439 548149065.6 1
1601224667970 566735177.6 2
1601224669511 391629113.6 3
1601224671101 168010664.0 4
1601224672659 63448859.2 5
1601224674220 48225623.6 6
1601224675758 43921131.2 7
1601224677292 42417346.0 8
1601224678826 41805932.0 9
1601224680396 41521254.4 10
1601224681955 41182177.6 11
1601224683506 40844848.4 12
1601224685095 40680874.8 13
1601224686671 40395239.6 14
1601224688235 40089904.0 15
1601224689792 39790572.4 16
1601224691341 39591486.0 17
1601224692889 39288681.6 18
1601224694462 39024224.4 19
1601224696073 38784245.6 20
1601224697655 38495704.8 21
1601224699231 38273050.8 22
1601224700875 37957751.2 23
1601224702476 37701924.4 24
1601224704059 37494617.2 25
1601224705657 37179209.2 26
1601224707235 36933806.0 27
1601224708804 36685446.4 28
1601224710382 36566716.8 29
