1601224664901 347798006493747.2 0
1601224666436 450942842.4 1
1601224667968 41387761.4 2
1601224669508 33157163.2 3
1601224671099 200682282.8 4
1601224672656 752608652.8 5
1601224674218 1368239513.6 6
1601224675756 2046250380.8 7
1601224677289 1892861939.2 8
1601224678824 1467466368.0 9
1601224680394 1116660313.6 10
1601224681952 841661804.8 11
1601224683503 686024076.8 12
1601224685091 582125734.4 13
1601224686668 500023206.4 14
1601224688232 440525862.4 15
1601224689789 393191280.0 16
1601224691338 349029209.6 17
1601224692887 307855484.8 18
1601224694459 277381464.0 19
1601224696071 248963041.6 20
1601224697653 225480889.6 21
1601224699229 212277688.0 22
1601224700873 192806041.6 23
1601224702472 175039908.8 24
1601224704057 166599326.4 25
1601224705653 156398476.0 26
1601224707233 148172922.4 27
1601224708801 140230856.8 28
1601224710380 138401753.6 29
