1601224767093 0.00098843791782856 1
1601224769597 0.00037114665210247037 2
1601224771976 0.00028577412366867066 3
1601224774445 0.0002503389731049538 4
1601224776795 0.00023094282746315007 5
1601224779191 0.0002206140398979187 6
1601224781535 0.00021170847117900848 7
1601224783848 0.00020592120438814163 8
1601224786242 0.0002017518028616905 9
1601224788551 0.00019819033443927765 10
1601224790920 0.00019505593329668044 11
1601224793252 0.00019310397505760193 12
1601224795638 0.00019062880873680114 13
1601224797964 0.00018857403099536895 14
1601224800362 0.00018678426295518877 15
1601224802721 0.0001859084501862526 16
1601224805124 0.00018549241423606872 17
1601224807437 0.00018370117843151095 18
1601224809796 0.0001828312531113625 19
1601224812285 0.00018201185762882233 20
1601224814660 0.00018053336441516875 21
1601224817075 0.00018053497970104215 22
1601224819443 0.0001791545182466507 23
1601224821854 0.0001785816639661789 24
1601224824226 0.0001778583273291588 25
1601224826643 0.00017718905806541444 26
1601224828959 0.00017725846618413924 27
1601224831358 0.0001764140188694 28
1601224833681 0.00017526325732469556 29
1601224836057 0.00017562549859285353 30
