1601224664905 4674375498753638.0 0
1601224666441 58602744184832.0 1
1601224667972 48681241804800.0 2
1601224669513 28476326071500.8 3
1601224671104 9609944393318.4 4
1601224672661 1718038469017.6 5
1601224674222 585157256806.4 6
1601224675761 274346604953.6 7
1601224677294 192248910643.2 8
1601224678828 174365964697.6 9
1601224680398 169196131123.2 10
1601224681957 163952830054.4 11
1601224683508 160335141273.6 12
1601224685099 159905041612.8 13
1601224686673 156043413094.4 14
1601224688237 154425824051.2 15
1601224689794 152960524288.0 16
1601224691343 151511351296.0 17
1601224692891 148480075366.4 18
1601224694464 147326917017.6 19
1601224696075 145874806374.4 20
1601224697657 143421476044.8 21
1601224699233 143557170790.4 22
1601224700878 140718718156.8 23
1601224702478 138814170726.4 24
1601224704062 138619623833.6 25
1601224705661 136087358668.8 26
1601224707238 135030494003.2 27
1601224708806 133588657766.4 28
1601224710384 134437788876.8 29
