1601224664908 5022184780700058.0 0
1601224666443 58603743268044.8 1
1601224667974 48681849978880.0 2
1601224669515 28476750535065.6 3
1601224671106 9610313020211.2 4
1601224672663 1718854516736.0 5
1601224674225 586573728972.8 6
1601224675763 276436777369.6 7
1601224677296 194184190361.6 8
1601224678831 175875239116.8 9
1601224680400 170354314444.8 10
1601224681959 164835673702.4 11
1601224683510 161062009241.6 12
1601224685102 160527846604.8 13
1601224686675 156583829504.0 14
1601224688239 154906440499.2 15
1601224689796 153393506713.6 16
1601224691345 151899973222.4 17
1601224692894 148827219558.4 18
1601224694467 147643324006.4 19
1601224696078 146162552012.8 20
1601224697659 143685453414.4 21
1601224699236 143807720652.8 22
1601224700881 140949482700.8 23
1601224702480 139026912870.4 24
1601224704064 138823718502.4 25
1601224705663 136280935628.8 26
1601224707240 135215603712.0 27
1601224708808 133765573017.6 28
1601224710386 134612757708.8 29
