1601224768584 0.6112040678738477 1
1601224771008 0.6690051661482003 2
1601224773366 0.6833618537301359 3
1601224775829 0.6922343657066385 4
1601224778165 0.6967744838599447 5
1601224780577 0.6979137645727425 6
1601224782913 0.7059819794996341 7
1601224785282 0.6983509557834718 8
1601224787617 0.7046599117372089 9
1601224789979 0.7105992804300558 10
1601224792306 0.703006640434173 11
1601224794695 0.7072996490123822 12
1601224797029 0.7063543153460846 13
1601224799351 0.7086859739933454 14
1601224801768 0.7066556307192642 15
1601224804112 0.7093798614194403 16
1601224806497 0.7110518573786053 17
1601224808816 0.7081496156286451 18
1601224811269 0.7094069398928171 19
1601224813702 0.7045499089769085 20
1601224816098 0.7017679728812093 21
1601224818462 0.7050951006596953 22
1601224820895 0.7104927266538034 23
1601224823234 0.7097598413133422 24
1601224825627 0.7124988586720457 25
1601224828013 0.7038985982839532 26
1601224830330 0.7089033285276859 27
1601224832738 0.7109255328204936 28
1601224835083 0.7090162870467431 29
1601224837507 0.7073267649247381 30
