1601223846181 0.6292 1
1601223848544 0.6509 2
1601223850937 0.6578999999999999 3
1601223853248 0.6604 4
1601223855632 0.6643 5
1601223858007 0.6655 6
1601223860356 0.6687000000000001 7
1601223862744 0.6677 8
1601223865113 0.6696 9
1601223867584 0.6665 10
1601223869975 0.6716 11
1601223872365 0.6674 12
1601223874716 0.6685 13
1601223877153 0.6734 14
1601223879485 0.6698 15
1601223881857 0.6727000000000001 16
1601223884329 0.6718 17
1601223886684 0.6739999999999999 18
1601223889156 0.6698999999999999 19
1601223891505 0.6734 20
1601223893920 0.6698999999999999 21
1601223896278 0.6693 22
1601223898698 0.6712 23
1601223901058 0.6702 24
1601223903529 0.6697 25
1601223905884 0.6718 26
1601223908203 0.6736 27
1601223910659 0.6709 28
1601223913013 0.6704 29
1601223915435 0.6715 30
