1601223846184 0.5062297904038463 1
1601223848547 0.5533309569238639 2
1601223850939 0.56149198945669 3
1601223853251 0.569023280084985 4
1601223855635 0.5752164432878708 5
1601223858010 0.5739799908931352 6
1601223860358 0.5855880026071433 7
1601223862747 0.5798296173698825 8
1601223865116 0.5857316690786524 9
1601223867587 0.5845549874722811 10
1601223869978 0.5911843398469185 11
1601223872367 0.5863927670042925 12
1601223874719 0.5874761092867835 13
1601223877155 0.5909943122639351 14
1601223879487 0.5896755807308373 15
1601223881860 0.5915218938345507 16
1601223884331 0.5917697353064915 17
1601223886687 0.5905807951030199 18
1601223889159 0.5873558507762509 19
1601223891507 0.5914622094606043 20
1601223893922 0.586919082827781 21
1601223896280 0.59189533082435 22
1601223898701 0.5933135980319604 23
1601223901061 0.5888872230750513 24
1601223903532 0.5922791187718182 25
1601223905886 0.5927260858666019 26
1601223908205 0.5935199111266721 27
1601223910662 0.5929112738371443 28
1601223913015 0.5904613096220126 29
1601223915438 0.5947073273257182 30
