1601223742682 15094853721.6 0
1601223744244 705347660.8 1
1601223745791 638128486.4 2
1601223747346 392215622.4 3
1601223748886 143170137.6 4
1601223750450 59250940.4 5
1601223751986 47877813.2 6
1601223753564 43446563.2 7
1601223755149 42164052.8 8
1601223756716 41748196.4 9
1601223758266 41415499.6 10
1601223759817 41265718.0 11
1601223761409 40991198.8 12
1601223763003 40778262.8 13
1601223764610 40563039.6 14
1601223766167 40298975.6 15
1601223767740 40085027.2 16
1601223769296 39866280.4 17
1601223770865 39697487.6 18
1601223772493 39480454.4 19
1601223774045 39199844.8 20
1601223775620 39007663.6 21
1601223777169 38776058.4 22
1601223778724 38602513.6 23
1601223780292 38374642.4 24
1601223781865 38145588.0 25
1601223783443 37863839.2 26
1601223785013 37657612.0 27
1601223786594 37423492.0 28
1601223788187 37225403.2 29
