1601223844704 0.0009659967750310899 1
1601223847147 0.000386994943022728 2
1601223849506 0.0003034313350915909 3
1601223851886 0.00026602436751127246 4
1601223854242 0.00024490180611610416 5
1601223856639 0.00022956786304712296 6
1601223859011 0.00021969592422246934 7
1601223861381 0.0002123491108417511 8
1601223863720 0.00020605895370244982 9
1601223866134 0.00020215466916561129 10
1601223868563 0.00019801795035600663 11
1601223870924 0.00019622309356927872 12
1601223873338 0.00019290135949850078 13
1601223875692 0.00019112632125616074 14
1601223878112 0.000189921073615551 15
1601223880469 0.00018693304210901261 16
1601223882951 0.00018626776188611984 17
1601223885287 0.0001848270118236542 18
1601223887787 0.00018318586647510528 19
1601223890120 0.00018333111703395844 20
1601223892490 0.00018157369941473005 21
1601223894895 0.00018147747367620466 22
1601223897225 0.00017988308519124985 23
1601223899694 0.0001799232080578804 24
1601223902076 0.00017846189141273498 25
1601223904498 0.00017853727787733078 26
1601223906836 0.00017787353098392488 27
1601223909268 0.00017755579054355624 28
1601223911619 0.00017739491015672683 29
1601223914056 0.00017650025635957718 30
