1601223742685 6244574940469658.0 0
1601223744248 85186168278220.8 1
1601223745793 60782139775385.6 2
1601223747349 31432218823884.8 3
1601223748888 8529782453043.2 4
1601223750452 1558384672768.0 5
1601223751988 620944739532.8 6
1601223753566 277523873792.0 7
1601223755151 193900694732.8 8
1601223756719 175077079449.6 9
1601223758268 168466805555.2 10
1601223759821 165148491776.0 11
1601223761413 163103193497.6 12
1601223763006 159591810662.4 13
1601223764612 158027879219.2 14
1601223766169 155233073561.6 15
1601223767742 154454730342.4 16
1601223769298 152811751014.4 17
1601223770868 152542504550.4 18
1601223772495 151219634176.0 19
1601223774047 148936681881.6 20
1601223775622 147415126835.2 21
1601223777172 146054421708.8 22
1601223778726 146198821273.6 23
1601223780294 144624635084.8 24
1601223781867 143132031385.6 25
1601223783446 141801380249.6 26
1601223785015 141117781606.4 27
1601223786596 138777488588.8 28
1601223788189 138410330521.6 29
