1601223742680 461025115664689.6 0
1601223744240 6351820.275 1
1601223745788 1715960.6 2
1601223747341 1123515.75 3
1601223748883 11411561.4875 4
1601223750447 277385101.6 5
1601223751983 1256254995.2 6
1601223753561 2112746777.6 7
1601223755146 2071860441.6 8
1601223756714 1642486553.6 9
1601223758263 1241717388.8 10
1601223759813 983217164.8 11
1601223761405 781409344.0 12
1601223763001 642948416.0 13
1601223764608 536427142.4 14
1601223766164 451168976.0 15
1601223767738 392333116.8 16
1601223769294 343877849.6 17
1601223770862 306148963.2 18
1601223772490 278757017.6 19
1601223774042 252454473.6 20
1601223775617 225485532.8 21
1601223777167 212337251.2 22
1601223778721 203161308.8 23
1601223780290 187006940.8 24
1601223781862 174315070.4 25
1601223783439 166579910.4 26
1601223785010 159576824.0 27
1601223786591 149019297.6 28
1601223788185 144078728.0 29
