1601223742687 6705614975244698.0 0
1601223744250 85186881309900.8 1
1601223745795 60782779406745.6 2
1601223747351 31432612249600.0 3
1601223748890 8529937144217.6 4
1601223750454 1558721291878.4 5
1601223751990 622248866611.2 6
1601223753568 279680063897.6 7
1601223755153 196014722252.8 8
1601223756721 176761312051.2 9
1601223758270 169749934899.2 10
1601223759823 166172975104.0 11
1601223761415 163925593292.8 12
1601223763008 160275536281.6 13
1601223764615 158604867993.6 14
1601223766171 155724541132.8 15
1601223767744 154887146700.8 16
1601223769300 153195493785.6 17
1601223770871 152888349491.2 18
1601223772497 151537872076.8 19
1601223774049 149228335923.2 20
1601223775624 147679618662.4 21
1601223777174 146305534361.6 22
1601223778728 146440585216.0 23
1601223780296 144850016665.6 24
1601223781869 143344492544.0 25
1601223783448 142005824716.8 26
1601223785017 141315016294.4 27
1601223786598 138963933593.6 28
1601223788192 138591632588.8 29
