1601223846186 0.6050935530551044 1
1601223848549 0.6604327103365604 2
1601223850941 0.6737159386437689 3
1601223853253 0.6821700556681677 4
1601223855637 0.688340430929895 5
1601223858012 0.6892789324052594 6
1601223860360 0.6958860501034941 7
1601223862749 0.6975787277754903 8
1601223865118 0.7013028099053468 9
1601223867589 0.7025617594749013 10
1601223869980 0.7052068804267796 11
1601223872369 0.7024974954935995 12
1601223874721 0.7022130728003058 13
1601223877158 0.7052645800203416 14
1601223879489 0.705937726715992 15
1601223881862 0.7034938490029433 16
1601223884333 0.7060975185215306 17
1601223886689 0.7076584795091326 18
1601223889161 0.7010307085437303 19
1601223891510 0.7056409906217379 20
1601223893925 0.7057182529913288 21
1601223896282 0.7087944029369656 22
1601223898703 0.7102358088283371 23
1601223901063 0.7048591443537249 24
1601223903534 0.7068490261776433 25
1601223905888 0.7095840080721861 26
1601223908208 0.7062611274492439 27
1601223910664 0.7081470175678035 28
1601223913018 0.7076118898895156 29
1601223915440 0.7070919337481748 30
